/*--------------------------------*- C++ -*----------------------------------*\
  =========                 |
  \\      /  F ield         | OpenFOAM: The Open Source CFD Toolbox
   \\    /   O peration     | Website:  https://openfoam.org
    \\  /    A nd           | Version:  13
     \\/     M anipulation  |
\*---------------------------------------------------------------------------*/
FoamFile
{
    format      ascii;
    class       volScalarField;
    location    "38";
    object      p;
}
// * * * * * * * * * * * * * * * * * * * * * * * * * * * * * * * * * * * * * //

dimensions      [0 2 -2 0 0 0 0];

internalField   nonuniform List<scalar> 
400
(
8.71395e-08
-0.000572441
-0.00121603
-0.00171889
-0.00195922
-0.00188472
-0.00147052
-0.000705567
0.000401261
0.00180591
0.00341463
0.00507495
0.00659098
0.00775104
0.00837975
0.00839559
0.00785531
0.00696888
0.006048
0.00549432
0.000569929
-2.03447e-05
-0.000569732
-0.000957079
-0.00113204
-0.001062
-0.000726013
-0.000109288
0.000788727
0.0019394
0.00326973
0.00466006
0.00594064
0.00692975
0.0074742
0.00750175
0.00705919
0.00631883
0.00554325
0.00497263
0.00124567
0.000492957
-8.67613e-05
-0.000441415
-0.000606187
-0.000576316
-0.000337306
0.000132551
0.000849647
0.00180684
0.00295479
0.00419173
0.00536438
0.00629377
0.00681921
0.00685288
0.00642074
0.00566818
0.00480893
0.00403718
0.00174055
0.000763672
7.36373e-05
-0.00032198
-0.000537161
-0.000592766
-0.000478259
-0.000160191
0.000399988
0.00122204
0.00228164
0.00349282
0.00470166
0.00570969
0.00631937
0.00639814
0.00593351
0.00505057
0.00394841
0.00284444
0.00179543
0.000595696
-0.000227714
-0.000704845
-0.00101817
-0.00120726
-0.00125938
-0.00112302
-0.000730524
-2.78592e-05
0.000991718
0.00226356
0.00363004
0.00486122
0.00569867
0.00593232
0.00548041
0.0044355
0.00299995
0.00146211
0.00119467
-0.00020306
-0.0011633
-0.00175271
-0.00221142
-0.00259068
-0.00286927
-0.00297121
-0.00279193
-0.00223293
-0.00124408
0.000150503
0.00179283
0.00341982
0.00469022
0.00527474
0.00497192
0.0038057
0.00197903
-0.000104027
-0.000241636
-0.00180012
-0.00289226
-0.00362221
-0.00427769
-0.00491662
-0.00550506
-0.00593752
-0.00606455
-0.00572844
-0.00480692
-0.00328518
-0.00127035
0.000946686
0.00292629
0.00416987
0.00427928
0.00313557
0.000902637
-0.00185623
-0.00265194
-0.00432636
-0.00554125
-0.00643927
-0.00734709
-0.0083277
-0.00933385
-0.0102287
-0.0108112
-0.0108504
-0.0101335
-0.008539
-0.00610706
-0.00311226
-8.64254e-05
0.00225505
0.00321267
0.0023953
-0.00017734
-0.00375293
-0.00612135
-0.00786169
-0.00918472
-0.0102718
-0.011483
-0.0128893
-0.0144344
-0.0159528
-0.0171896
-0.0178276
-0.0175353
-0.0160427
-0.0132531
-0.00935751
-0.00493603
-0.000941405
0.0015081
0.0015546
-0.00113713
-0.00564677
-0.0106715
-0.0124236
-0.0138275
-0.015102
-0.0166422
-0.0185357
-0.0207271
-0.0230304
-0.0251404
-0.0266491
-0.0270841
-0.0259775
-0.0230342
-0.0182541
-0.0121678
-0.00592214
-0.00114228
0.00060304
-0.00173137
-0.00719512
-0.0162605
-0.0179653
-0.0193957
-0.0208061
-0.0226415
-0.0250233
-0.0279113
-0.0311114
-0.0342775
-0.0369138
-0.0383953
-0.0380067
-0.0352841
-0.0298335
-0.0220051
-0.0130064
-0.00495981
-0.000375558
-0.00151601
-0.00772066
-0.0228029
-0.02439
-0.0257426
-0.0271484
-0.0291434
-0.0319106
-0.0354424
-0.0395493
-0.0438549
-0.0477846
-0.0505799
-0.0513771
-0.0491634
-0.043394
-0.0339889
-0.0219777
-0.00980593
-0.00102476
0.000280055
-0.00599999
-0.0302225
-0.0315862
-0.0326695
-0.033792
-0.0356681
-0.0385798
-0.0425689
-0.047455
-0.0528343
-0.0580626
-0.062251
-0.0643106
-0.0630223
-0.057332
-0.0466928
-0.031705
-0.0148011
-0.000417071
0.00496561
2.28138e-05
-0.03856
-0.0394894
-0.0399612
-0.0403269
-0.0416349
-0.0443095
-0.0484455
-0.0538593
-0.0601059
-0.0664654
-0.0719294
-0.0752215
-0.0748704
-0.0694214
-0.057807
-0.0400021
-0.0180233
0.00327955
0.0146986
0.0135557
-0.0481747
-0.0481569
-0.0474034
-0.0462841
-0.046412
-0.0483712
-0.0522814
-0.0579131
-0.0647394
-0.0719353
-0.0783606
-0.0825612
-0.0828322
-0.0773738
-0.0646452
-0.043937
-0.0165434
0.0130189
0.0329311
0.0392807
-0.0602349
-0.0579577
-0.0548672
-0.0512134
-0.0494271
-0.0501784
-0.0535203
-0.0590937
-0.06622
-0.0739187
-0.0808794
-0.0854534
-0.0857069
-0.0795199
-0.0649419
-0.0406113
-0.00697886
0.0328168
0.0647938
0.0836768
-0.0774814
-0.0694732
-0.0620874
-0.0545494
-0.050139
-0.0493251
-0.0519044
-0.057261
-0.0644862
-0.072385
-0.07944
-0.0837784
-0.0832185
-0.075283
-0.0576214
-0.0282113
0.0133525
0.066661
0.115752
0.154807
-0.108926
-0.0850401
-0.0697734
-0.0563916
-0.0485411
-0.0458812
-0.0476242
-0.052715
-0.0599172
-0.067777
-0.0745524
-0.0781401
-0.0761044
-0.0655426
-0.0436433
-0.00744509
0.0447431
0.114933
0.188078
0.263281
-0.168693
-0.100746
-0.0730931
-0.0522882
-0.0413102
-0.0376997
-0.039442
-0.0448654
-0.0524158
-0.060447
-0.0670739
-0.0700479
-0.0666875
-0.0537884
-0.0278899
0.0154099
0.0800716
0.17276
0.285855
0.445985
-0.402754
-0.139031
-0.0734592
-0.0447302
-0.0305718
-0.0266176
-0.0290856
-0.0353735
-0.0436541
-0.0522074
-0.059124
-0.0621456
-0.0586175
-0.0452141
-0.0174509
0.0310787
0.108496
0.236657
0.427487
0.79368
)
;

boundaryField
{
    movingWall
    {
        type            zeroGradient;
    }
    fixedWalls
    {
        type            zeroGradient;
    }
    frontAndBack
    {
        type            empty;
    }
}


// ************************************************************************* //
