/*--------------------------------*- C++ -*----------------------------------*\
  =========                 |
  \\      /  F ield         | OpenFOAM: The Open Source CFD Toolbox
   \\    /   O peration     | Website:  https://openfoam.org
    \\  /    A nd           | Version:  13
     \\/     M anipulation  |
\*---------------------------------------------------------------------------*/
FoamFile
{
    format      ascii;
    class       volScalarField;
    location    "34";
    object      p;
}
// * * * * * * * * * * * * * * * * * * * * * * * * * * * * * * * * * * * * * //

dimensions      [0 2 -2 0 0 0 0];

internalField   nonuniform List<scalar> 
400
(
1.96847e-07
-0.000572315
-0.00121592
-0.00171879
-0.00195912
-0.0018846
-0.0014704
-0.000705452
0.000401374
0.00180603
0.00341477
0.00507509
0.00659112
0.00775118
0.00837988
0.00839572
0.00785544
0.006969
0.00604811
0.00549443
0.000570055
-2.0211e-05
-0.000569592
-0.000956964
-0.00113195
-0.0010619
-0.000725896
-0.000109164
0.000788847
0.00193952
0.00326986
0.0046602
0.00594078
0.0069299
0.00747433
0.00750188
0.00705931
0.00631894
0.00554335
0.00497273
0.0012458
0.000493072
-8.6627e-05
-0.000441281
-0.000606077
-0.000576221
-0.000337205
0.000132667
0.000849771
0.00180697
0.00295493
0.00419187
0.00536452
0.00629391
0.00681935
0.006853
0.00642086
0.00566829
0.00480904
0.00403728
0.00174069
0.000763783
7.37526e-05
-0.000321852
-0.00053704
-0.000592661
-0.00047816
-0.000160084
0.000400108
0.00122217
0.00228177
0.00349296
0.0047018
0.00570983
0.0063195
0.00639827
0.00593363
0.00505068
0.00394851
0.00284454
0.00179558
0.000595826
-0.000227605
-0.000704731
-0.00101805
-0.00120715
-0.00125928
-0.00112292
-0.000730409
-2.77305e-05
0.000991858
0.00226371
0.00363018
0.00486136
0.0056988
0.00593245
0.00548053
0.00443561
0.00300005
0.00146221
0.00119482
-0.00020291
-0.00116318
-0.0017526
-0.00221131
-0.00259056
-0.00286916
-0.0029711
-0.00279182
-0.00223281
-0.00124394
0.00015065
0.00179298
0.00341997
0.00469036
0.00527487
0.00497204
0.00380581
0.00197914
-0.000103923
-0.000241507
-0.00179997
-0.00289213
-0.0036221
-0.00427758
-0.00491651
-0.00550495
-0.00593741
-0.00606443
-0.00572831
-0.00480678
-0.00328504
-0.0012702
0.000946834
0.00292643
0.00417
0.0042794
0.00313568
0.000902746
-0.00185612
-0.00265182
-0.00432622
-0.00554111
-0.00643914
-0.00734698
-0.00832759
-0.00933374
-0.0102286
-0.0108111
-0.0108503
-0.0101334
-0.00853885
-0.00610691
-0.00311211
-8.62816e-05
0.00225519
0.0032128
0.00239542
-0.000177229
-0.00375282
-0.00612122
-0.00786156
-0.00918458
-0.0102716
-0.0114828
-0.0128892
-0.0144343
-0.0159527
-0.0171895
-0.0178275
-0.0175352
-0.0160426
-0.0132529
-0.00935736
-0.00493588
-0.000941267
0.00150823
0.00155472
-0.00113701
-0.00564666
-0.0106714
-0.0124235
-0.0138273
-0.0151019
-0.016642
-0.0185356
-0.020727
-0.0230303
-0.0251403
-0.026649
-0.0270839
-0.0259774
-0.0230341
-0.018254
-0.0121676
-0.005922
-0.00114215
0.00060316
-0.00173125
-0.00719501
-0.0162603
-0.0179652
-0.0193956
-0.020806
-0.0226413
-0.0250232
-0.0279112
-0.0311113
-0.0342773
-0.0369137
-0.0383951
-0.0380065
-0.035284
-0.0298334
-0.022005
-0.0130063
-0.00495968
-0.000375436
-0.0015159
-0.00772054
-0.0228028
-0.0243899
-0.0257425
-0.0271482
-0.0291433
-0.0319105
-0.0354422
-0.0395492
-0.0438547
-0.0477845
-0.0505798
-0.051377
-0.0491633
-0.0433938
-0.0339887
-0.0219775
-0.0098058
-0.00102464
0.000280171
-0.00599987
-0.0302224
-0.0315861
-0.0326694
-0.0337918
-0.0356679
-0.0385797
-0.0425688
-0.0474548
-0.0528341
-0.0580625
-0.0622509
-0.0643104
-0.0630221
-0.0573319
-0.0466927
-0.0317048
-0.014801
-0.000416949
0.00496573
2.29277e-05
-0.0385598
-0.0394893
-0.0399611
-0.0403268
-0.0416348
-0.0443094
-0.0484454
-0.0538592
-0.0601057
-0.0664652
-0.0719293
-0.0752213
-0.0748702
-0.0694212
-0.0578069
-0.040002
-0.0180231
0.00327967
0.0146987
0.0135558
-0.0481746
-0.0481568
-0.0474033
-0.046284
-0.0464119
-0.0483711
-0.0522813
-0.057913
-0.0647392
-0.0719352
-0.0783605
-0.0825611
-0.0828321
-0.0773737
-0.0646451
-0.0439368
-0.0165433
0.013019
0.0329312
0.0392809
-0.0602348
-0.0579575
-0.0548671
-0.0512133
-0.049427
-0.0501783
-0.0535202
-0.0590935
-0.0662199
-0.0739186
-0.0808793
-0.0854533
-0.0857068
-0.0795197
-0.0649418
-0.0406111
-0.00697874
0.0328169
0.0647939
0.0836769
-0.0774813
-0.0694731
-0.0620873
-0.0545493
-0.0501389
-0.0493249
-0.0519043
-0.0572609
-0.0644861
-0.0723848
-0.0794398
-0.0837782
-0.0832183
-0.0752828
-0.0576213
-0.0282112
0.0133526
0.0666611
0.115752
0.154807
-0.108925
-0.08504
-0.0697733
-0.0563915
-0.0485409
-0.045881
-0.0476241
-0.0527149
-0.0599171
-0.0677769
-0.0745522
-0.0781399
-0.0761043
-0.0655425
-0.0436431
-0.00744497
0.0447432
0.114933
0.188078
0.263281
-0.168693
-0.100746
-0.073093
-0.0522881
-0.0413101
-0.0376996
-0.0394419
-0.0448653
-0.0524157
-0.0604468
-0.0670738
-0.0700477
-0.0666874
-0.0537883
-0.0278897
0.01541
0.0800717
0.17276
0.285855
0.445986
-0.402754
-0.139031
-0.0734591
-0.0447301
-0.0305717
-0.0266174
-0.0290855
-0.0353734
-0.043654
-0.0522073
-0.0591239
-0.0621455
-0.0586174
-0.0452139
-0.0174508
0.0310788
0.108496
0.236657
0.427487
0.79368
)
;

boundaryField
{
    movingWall
    {
        type            zeroGradient;
    }
    fixedWalls
    {
        type            zeroGradient;
    }
    frontAndBack
    {
        type            empty;
    }
}


// ************************************************************************* //
