/*--------------------------------*- C++ -*----------------------------------*\
  =========                 |
  \\      /  F ield         | OpenFOAM: The Open Source CFD Toolbox
   \\    /   O peration     | Website:  https://openfoam.org
    \\  /    A nd           | Version:  13
     \\/     M anipulation  |
\*---------------------------------------------------------------------------*/
FoamFile
{
    format      ascii;
    class       volScalarField;
    location    "37";
    object      p;
}
// * * * * * * * * * * * * * * * * * * * * * * * * * * * * * * * * * * * * * //

dimensions      [0 2 -2 0 0 0 0];

internalField   nonuniform List<scalar> 
400
(
1.06304e-07
-0.000572422
-0.00121603
-0.00171887
-0.00195919
-0.0018847
-0.00147052
-0.000705566
0.000401281
0.00180595
0.00341468
0.00507499
0.00659102
0.00775108
0.00837978
0.00839562
0.00785533
0.00696888
0.00604798
0.0054943
0.000569958
-2.03137e-05
-0.000569728
-0.000957085
-0.00113203
-0.00106197
-0.000725996
-0.000109282
0.000788737
0.00193943
0.00326978
0.00466011
0.00594068
0.00692979
0.00747423
0.00750178
0.00705921
0.00631883
0.00554324
0.00497261
0.0012457
0.000493006
-8.67283e-05
-0.000441413
-0.000606191
-0.000576305
-0.000337287
0.000132568
0.000849662
0.00180686
0.00295483
0.00419177
0.00536442
0.0062938
0.00681925
0.0068529
0.00642076
0.00566818
0.00480893
0.00403717
0.00174057
0.000763709
7.36836e-05
-0.000321958
-0.000537164
-0.000592768
-0.000478247
-0.000160171
0.000400009
0.00122206
0.00228166
0.00349285
0.00470169
0.00570972
0.0063194
0.00639817
0.00593353
0.00505058
0.00394841
0.00284444
0.00179545
0.000595712
-0.000227681
-0.000704814
-0.00101816
-0.00120726
-0.00125938
-0.00112301
-0.000730503
-2.78348e-05
0.000991745
0.00226359
0.00363006
0.00486125
0.00569869
0.00593235
0.00548043
0.00443552
0.00299996
0.00146212
0.00119471
-0.000203046
-0.00116328
-0.00175268
-0.0022114
-0.00259067
-0.00286927
-0.0029712
-0.00279191
-0.00223291
-0.00124405
0.000150532
0.00179286
0.00341985
0.00469024
0.00527476
0.00497193
0.00380571
0.00197905
-0.00010401
-0.000241581
-0.00180009
-0.00289225
-0.0036222
-0.00427768
-0.00491662
-0.00550506
-0.00593752
-0.00606453
-0.00572842
-0.00480689
-0.00328515
-0.00127032
0.00094671
0.0029263
0.00416988
0.00427929
0.00313558
0.000902653
-0.00185621
-0.00265189
-0.00432631
-0.00554124
-0.00643926
-0.00734708
-0.0083277
-0.00933385
-0.0102287
-0.0108112
-0.0108504
-0.0101335
-0.00853896
-0.00610703
-0.00311223
-8.64082e-05
0.00225506
0.00321268
0.00239532
-0.000177325
-0.00375291
-0.00612131
-0.00786165
-0.00918469
-0.0102718
-0.011483
-0.0128893
-0.0144344
-0.0159528
-0.0171896
-0.0178276
-0.0175353
-0.0160427
-0.0132531
-0.00935747
-0.00493601
-0.00094139
0.00150811
0.00155461
-0.00113711
-0.00564676
-0.0106715
-0.0124236
-0.0138274
-0.015102
-0.0166421
-0.0185357
-0.0207271
-0.0230304
-0.0251404
-0.0266491
-0.027084
-0.0259775
-0.0230342
-0.0182541
-0.0121677
-0.00592211
-0.00114226
0.000603052
-0.00173136
-0.00719511
-0.0162605
-0.0179653
-0.0193957
-0.0208061
-0.0226414
-0.0250233
-0.0279113
-0.0311114
-0.0342775
-0.0369138
-0.0383953
-0.0380067
-0.0352841
-0.0298335
-0.0220051
-0.0130064
-0.00495979
-0.000375544
-0.001516
-0.00772065
-0.0228029
-0.02439
-0.0257426
-0.0271484
-0.0291434
-0.0319106
-0.0354424
-0.0395493
-0.0438549
-0.0477846
-0.0505799
-0.0513771
-0.0491634
-0.0433939
-0.0339888
-0.0219777
-0.00980591
-0.00102475
0.000280061
-0.00599998
-0.0302225
-0.0315862
-0.0326695
-0.0337919
-0.035668
-0.0385798
-0.0425689
-0.047455
-0.0528342
-0.0580626
-0.062251
-0.0643106
-0.0630223
-0.057332
-0.0466928
-0.0317049
-0.0148011
-0.000417059
0.00496562
2.28169e-05
-0.0385599
-0.0394894
-0.0399612
-0.0403269
-0.0416349
-0.0443095
-0.0484455
-0.0538593
-0.0601058
-0.0664654
-0.0719294
-0.0752215
-0.0748703
-0.0694214
-0.057807
-0.0400021
-0.0180232
0.00327956
0.0146986
0.0135557
-0.0481747
-0.0481569
-0.0474034
-0.0462841
-0.046412
-0.0483712
-0.0522814
-0.0579131
-0.0647393
-0.0719353
-0.0783606
-0.0825612
-0.0828322
-0.0773738
-0.0646452
-0.0439369
-0.0165434
0.0130189
0.0329311
0.0392808
-0.0602349
-0.0579576
-0.0548672
-0.0512134
-0.0494271
-0.0501784
-0.0535203
-0.0590936
-0.06622
-0.0739187
-0.0808794
-0.0854534
-0.0857069
-0.0795198
-0.0649419
-0.0406112
-0.00697884
0.0328168
0.0647938
0.0836768
-0.0774814
-0.0694732
-0.0620874
-0.0545494
-0.050139
-0.0493251
-0.0519044
-0.057261
-0.0644862
-0.0723849
-0.0794399
-0.0837783
-0.0832184
-0.075283
-0.0576214
-0.0282113
0.0133525
0.066661
0.115752
0.154807
-0.108926
-0.0850401
-0.0697734
-0.0563916
-0.0485411
-0.0458811
-0.0476242
-0.052715
-0.0599172
-0.067777
-0.0745523
-0.0781401
-0.0761044
-0.0655426
-0.0436432
-0.00744506
0.0447431
0.114933
0.188078
0.263281
-0.168693
-0.100746
-0.0730931
-0.0522881
-0.0413102
-0.0376997
-0.039442
-0.0448654
-0.0524158
-0.0604469
-0.0670739
-0.0700479
-0.0666875
-0.0537884
-0.0278898
0.0154099
0.0800716
0.17276
0.285855
0.445985
-0.402754
-0.139031
-0.0734591
-0.0447302
-0.0305718
-0.0266176
-0.0290856
-0.0353735
-0.0436541
-0.0522074
-0.059124
-0.0621456
-0.0586175
-0.045214
-0.0174508
0.0310787
0.108496
0.236657
0.427487
0.79368
)
;

boundaryField
{
    movingWall
    {
        type            zeroGradient;
    }
    fixedWalls
    {
        type            zeroGradient;
    }
    frontAndBack
    {
        type            empty;
    }
}


// ************************************************************************* //
