/*--------------------------------*- C++ -*----------------------------------*\
  =========                 |
  \\      /  F ield         | OpenFOAM: The Open Source CFD Toolbox
   \\    /   O peration     | Website:  https://openfoam.org
    \\  /    A nd           | Version:  13
     \\/     M anipulation  |
\*---------------------------------------------------------------------------*/
FoamFile
{
    format      ascii;
    class       volScalarField;
    location    "28";
    object      p;
}
// * * * * * * * * * * * * * * * * * * * * * * * * * * * * * * * * * * * * * //

dimensions      [0 2 -2 0 0 0 0];

internalField   nonuniform List<scalar> 
400
(
5.76022e-07
-0.000571887
-0.00121546
-0.00171832
-0.00195867
-0.00188417
-0.00146995
-0.00070497
0.000401862
0.00180651
0.00341523
0.00507556
0.0065916
0.00775165
0.00838035
0.00839618
0.0078559
0.00696947
0.00604858
0.00549491
0.000570477
-1.98015e-05
-0.000569175
-0.000956497
-0.00113147
-0.00106145
-0.000725461
-0.000108711
0.000789325
0.00194001
0.00327034
0.00466067
0.00594125
0.00693036
0.0074748
0.00750235
0.00705979
0.00631942
0.00554384
0.00497322
0.00124623
0.0004935
-8.62318e-05
-0.00044086
-0.000605611
-0.000575745
-0.000336747
0.000133117
0.000850232
0.00180744
0.0029554
0.00419235
0.00536499
0.00629438
0.00681982
0.00685348
0.00642134
0.00566877
0.00480953
0.00403777
0.00174111
0.000764241
7.41736e-05
-0.000321446
-0.000536603
-0.000592191
-0.000477685
-0.000159618
0.00040057
0.00122264
0.00228225
0.00349343
0.00470228
0.00571031
0.00631998
0.00639875
0.00593411
0.00505117
0.00394901
0.00284504
0.00179597
0.000596275
-0.000227153
-0.000704306
-0.00101762
-0.00120669
-0.0012588
-0.00112244
-0.000729931
-2.72533e-05
0.000992337
0.00226419
0.00363066
0.00486185
0.00569929
0.00593294
0.00548102
0.00443611
0.00300056
0.00146272
0.00119519
-0.000202495
-0.00116272
-0.00175215
-0.00221087
-0.00259011
-0.00286868
-0.0029706
-0.00279132
-0.00223231
-0.00124344
0.000151151
0.00179348
0.00342047
0.00469085
0.00527536
0.00497254
0.00380632
0.00197966
-0.000103398
-0.000241098
-0.00179957
-0.00289168
-0.00362163
-0.00427712
-0.00491605
-0.00550446
-0.0059369
-0.0060639
-0.00572778
-0.00480624
-0.0032845
-0.00126967
0.000947355
0.00292694
0.00417052
0.00427992
0.0031362
0.000903272
-0.00185559
-0.00265136
-0.0043258
-0.00554068
-0.00643867
-0.00734649
-0.0083271
-0.00933323
-0.0102281
-0.0108105
-0.0108497
-0.0101328
-0.00853827
-0.00610634
-0.00311155
-8.57339e-05
0.00225572
0.00321333
0.00239595
-0.000176696
-0.00375228
-0.00612073
-0.0078611
-0.00918413
-0.0102712
-0.0114823
-0.0128886
-0.0144337
-0.0159522
-0.0171889
-0.0178269
-0.0175346
-0.016042
-0.0132523
-0.00935676
-0.0049353
-0.000940698
0.00150878
0.00155526
-0.00113647
-0.00564612
-0.0106709
-0.012423
-0.0138268
-0.0151014
-0.0166415
-0.0185351
-0.0207264
-0.0230297
-0.0251396
-0.0266483
-0.0270833
-0.0259767
-0.0230334
-0.0182533
-0.012167
-0.0059214
-0.00114157
0.000603718
-0.0017307
-0.00719446
-0.0162598
-0.0179647
-0.019395
-0.0208055
-0.0226408
-0.0250226
-0.0279105
-0.0311107
-0.0342767
-0.036913
-0.0383944
-0.0380058
-0.0352833
-0.0298327
-0.0220043
-0.0130057
-0.00495908
-0.000374863
-0.00151534
-0.00771998
-0.0228023
-0.0243893
-0.025742
-0.0271477
-0.0291427
-0.0319099
-0.0354416
-0.0395485
-0.043854
-0.0477838
-0.0505791
-0.0513763
-0.0491626
-0.0433931
-0.0339881
-0.0219769
-0.00980519
-0.00102406
0.000280737
-0.00599931
-0.0302218
-0.0315855
-0.0326689
-0.0337913
-0.0356674
-0.0385791
-0.0425682
-0.0474542
-0.0528334
-0.0580618
-0.0622502
-0.0643097
-0.0630214
-0.0573312
-0.046692
-0.0317042
-0.0148004
-0.000416371
0.00496629
2.34796e-05
-0.0385593
-0.0394887
-0.0399605
-0.0403262
-0.0416342
-0.0443088
-0.0484448
-0.0538585
-0.060105
-0.0664645
-0.0719285
-0.0752207
-0.0748695
-0.0694206
-0.0578063
-0.0400014
-0.0180226
0.00328022
0.0146992
0.0135564
-0.048174
-0.0481563
-0.0474028
-0.0462834
-0.0464113
-0.0483705
-0.0522807
-0.0579123
-0.0647386
-0.0719345
-0.0783598
-0.0825604
-0.0828314
-0.0773731
-0.0646446
-0.0439363
-0.0165428
0.0130195
0.0329317
0.0392814
-0.0602342
-0.057957
-0.0548665
-0.0512128
-0.0494265
-0.0501777
-0.0535196
-0.0590929
-0.0662193
-0.0739179
-0.0808786
-0.0854527
-0.0857062
-0.0795192
-0.0649413
-0.0406107
-0.00697828
0.0328174
0.0647943
0.0836774
-0.0774807
-0.0694725
-0.0620868
-0.0545488
-0.0501383
-0.0493244
-0.0519038
-0.0572603
-0.0644855
-0.0723842
-0.0794392
-0.0837776
-0.0832178
-0.0752823
-0.0576208
-0.0282107
0.013353
0.0666615
0.115753
0.154808
-0.108925
-0.0850395
-0.0697728
-0.056391
-0.0485405
-0.0458806
-0.0476236
-0.0527143
-0.0599165
-0.0677763
-0.0745516
-0.0781394
-0.0761037
-0.065542
-0.0436427
-0.00744456
0.0447436
0.114933
0.188079
0.263281
-0.168693
-0.100745
-0.0730926
-0.0522876
-0.0413097
-0.0376992
-0.0394414
-0.0448648
-0.0524151
-0.0604462
-0.0670732
-0.0700472
-0.0666869
-0.0537878
-0.0278893
0.0154104
0.0800721
0.172761
0.285855
0.445986
-0.402753
-0.13903
-0.0734586
-0.0447296
-0.0305713
-0.026617
-0.029085
-0.0353729
-0.0436534
-0.0522067
-0.0591233
-0.0621449
-0.0586169
-0.0452134
-0.0174503
0.0310792
0.108496
0.236657
0.427488
0.79368
)
;

boundaryField
{
    movingWall
    {
        type            zeroGradient;
    }
    fixedWalls
    {
        type            zeroGradient;
    }
    frontAndBack
    {
        type            empty;
    }
}


// ************************************************************************* //
