/*--------------------------------*- C++ -*----------------------------------*\
  =========                 |
  \\      /  F ield         | OpenFOAM: The Open Source CFD Toolbox
   \\    /   O peration     | Website:  https://openfoam.org
    \\  /    A nd           | Version:  13
     \\/     M anipulation  |
\*---------------------------------------------------------------------------*/
FoamFile
{
    format      ascii;
    class       volScalarField;
    location    "23";
    object      p;
}
// * * * * * * * * * * * * * * * * * * * * * * * * * * * * * * * * * * * * * //

dimensions      [0 2 -2 0 0 0 0];

internalField   nonuniform List<scalar> 
400
(
-2.76674e-09
-0.000497425
-0.00109524
-0.0015448
-0.00173096
-0.00160769
-0.00115449
-0.000364894
0.000748477
0.00214067
0.00372098
0.00534722
0.00683539
0.00798823
0.00864111
0.00871446
0.00825538
0.00745309
0.00661679
0.00608467
0.000503055
-1.15102e-05
-0.000534668
-0.000890067
-0.00102146
-0.000903765
-0.000519888
0.000140491
0.0010733
0.00224722
0.00359051
0.00498476
0.00627146
0.00727748
0.00785638
0.00793628
0.00755596
0.00687146
0.00612676
0.00558414
0.00112411
0.000475677
-7.74612e-05
-0.000402863
-0.000520343
-0.000436829
-0.000141356
0.000383046
0.00114679
0.00213804
0.00330646
0.00455296
0.00573248
0.00667609
0.00723199
0.00731529
0.0069458
0.0062499
0.0054222
0.00471351
0.00156148
0.00072364
6.28908e-05
-0.000302622
-0.000460808
-0.000449823
-0.000263358
0.000125967
0.000748358
0.00161628
0.00270235
0.00392234
0.00513171
0.0061443
0.00677531
0.00689945
0.0065002
0.00567778
0.0046122
0.00361325
0.00157996
0.000548605
-0.000245395
-0.000691052
-0.00093416
-0.00103749
-0.000994155
-0.00076099
-0.000281951
0.000486257
0.0015451
0.0028282
0.00418835
0.00540953
0.00625048
0.00651483
0.00612145
0.00513326
0.00373633
0.00235409
0.000986339
-0.000220393
-0.00115086
-0.00170286
-0.00207219
-0.00233931
-0.00249112
-0.00246293
-0.00216567
-0.00151544
-0.000469664
0.000935828
0.00255931
0.00415146
0.0053935
0.00597904
0.00571563
0.00459384
0.00280534
0.000942937
-0.000383973
-0.00173798
-0.00280063
-0.00348263
-0.00402378
-0.0045172
-0.00493963
-0.00520031
-0.0051695
-0.00470972
-0.00371762
-0.00217431
-0.000192627
0.00195538
0.00385881
0.00505422
0.00516535
0.00403735
0.00183304
-0.000621164
-0.00266261
-0.00412978
-0.00531726
-0.00615325
-0.00691758
-0.00771383
-0.00850796
-0.00918133
-0.00955729
-0.00943024
-0.00861041
-0.00698682
-0.00460142
-0.00171511
0.00117297
0.00339616
0.0042941
0.00343753
0.000865593
-0.00229619
-0.00593847
-0.00747997
-0.00878057
-0.00979032
-0.0108278
-0.012009
-0.0132931
-0.0145361
-0.0155119
-0.0159344
-0.0154996
-0.0139586
-0.0112201
-0.00746847
-0.00325051
0.000541198
0.00284663
0.00276454
1.61159e-05
-0.00393829
-0.0102486
-0.0118211
-0.0132121
-0.0143972
-0.0157375
-0.0173696
-0.0192546
-0.0212314
-0.0230275
-0.0242703
-0.0245195
-0.0233418
-0.02044
-0.0158236
-0.00999321
-0.0040316
0.000509108
0.00199994
-0.000487968
-0.00521743
-0.0155769
-0.0171313
-0.0185654
-0.0198839
-0.0215048
-0.0236007
-0.0261498
-0.0289856
-0.0317987
-0.0341325
-0.0354009
-0.0349541
-0.032222
-0.0269257
-0.0193718
-0.0107052
-0.00297555
0.00120154
-0.000228234
-0.00548736
-0.0218691
-0.0233448
-0.0247272
-0.0260561
-0.0278403
-0.0303164
-0.0334969
-0.0372229
-0.0411592
-0.044775
-0.0473444
-0.0479953
-0.045837
-0.0402141
-0.0310659
-0.0193758
-0.00754334
0.000673114
0.00154164
-0.00358628
-0.0290783
-0.0303849
-0.0315334
-0.0326183
-0.0343084
-0.0369454
-0.0405929
-0.0451058
-0.0501276
-0.055062
-0.0590567
-0.0610306
-0.0597813
-0.054225
-0.0437972
-0.029053
-0.012423
0.00126677
0.00613358
0.00245245
-0.037262
-0.0382243
-0.038797
-0.0391894
-0.0403528
-0.0427843
-0.0466029
-0.0516661
-0.0575838
-0.0636898
-0.0690136
-0.0722875
-0.0720289
-0.0667441
-0.0553144
-0.0376554
-0.0158071
0.00473246
0.0157602
0.0157665
-0.0467833
-0.0469872
-0.0463411
-0.0453238
-0.0453473
-0.047095
-0.0507102
-0.0560113
-0.0625362
-0.0695218
-0.0758678
-0.0801287
-0.080573
-0.0753514
-0.0628361
-0.0422366
-0.0148293
0.0139018
0.0337887
0.0408935
-0.0586571
-0.0571194
-0.0540465
-0.0505495
-0.0486824
-0.0492441
-0.0522993
-0.0575444
-0.0643777
-0.071889
-0.0788136
-0.0835114
-0.084007
-0.0781305
-0.0638197
-0.0396471
-0.00594985
0.0325748
0.0646536
0.0833361
-0.0751344
-0.0697018
-0.0618844
-0.0543998
-0.0498554
-0.0488261
-0.0510862
-0.0560823
-0.0629916
-0.0706945
-0.0777185
-0.0821976
-0.0818895
-0.0742829
-0.0568729
-0.027623
0.0141111
0.0651069
0.114045
0.149787
-0.10332
-0.0872243
-0.0695407
-0.0560442
-0.0481862
-0.0454136
-0.0468853
-0.0516435
-0.0585502
-0.0662379
-0.0730172
-0.0767869
-0.0750274
-0.0648337
-0.0431119
-0.00692845
0.0457937
0.114465
0.190761
0.257565
-0.1753
-0.114327
-0.0734121
-0.051897
-0.0412269
-0.0374427
-0.0388118
-0.043875
-0.0511212
-0.0589697
-0.065612
-0.0687913
-0.0657868
-0.0533497
-0.0276964
0.0155693
0.0815632
0.176127
0.304086
0.451808
-0.355177
-0.154709
-0.070172
-0.0427627
-0.0313843
-0.0274784
-0.0293567
-0.0351963
-0.0431431
-0.0514693
-0.0583154
-0.0614351
-0.0580811
-0.0448856
-0.0174547
0.0301809
0.107529
0.232374
0.433831
0.734986
)
;

boundaryField
{
    movingWall
    {
        type            zeroGradient;
    }
    fixedWalls
    {
        type            zeroGradient;
    }
    frontAndBack
    {
        type            empty;
    }
}


// ************************************************************************* //
