/*--------------------------------*- C++ -*----------------------------------*\
  =========                 |
  \\      /  F ield         | OpenFOAM: The Open Source CFD Toolbox
   \\    /   O peration     | Website:  https://openfoam.org
    \\  /    A nd           | Version:  13
     \\/     M anipulation  |
\*---------------------------------------------------------------------------*/
FoamFile
{
    format      ascii;
    class       volScalarField;
    location    "21";
    object      p;
}
// * * * * * * * * * * * * * * * * * * * * * * * * * * * * * * * * * * * * * //

dimensions      [0 2 -2 0 0 0 0];

internalField   nonuniform List<scalar> 
400
(
1.37793e-06
-0.000570897
-0.00121435
-0.00171707
-0.00195725
-0.0018826
-0.00146829
-0.000703279
0.000403565
0.0018082
0.00341688
0.00507715
0.00659314
0.00775319
0.00838195
0.00839792
0.0078578
0.00697155
0.00605078
0.00549716
0.000571297
-1.88603e-05
-0.000568123
-0.000955358
-0.0011302
-0.00106003
-0.000723901
-0.000107067
0.000791008
0.00194171
0.00327203
0.00466235
0.00594291
0.00693204
0.00747654
0.0075042
0.00706177
0.00632155
0.00554607
0.0049755
0.0012469
0.000494311
-8.5265e-05
-0.000439786
-0.000604436
-0.000574428
-0.000335263
0.000134747
0.000851962
0.00180922
0.00295721
0.00419415
0.00536679
0.0062962
0.00682169
0.00685545
0.00642343
0.005671
0.00481186
0.00404017
0.00174167
0.000764932
7.50407e-05
-0.000320423
-0.000535441
-0.000590872
-0.000476175
-0.000157912
0.000402437
0.00122461
0.00228426
0.00349545
0.00470428
0.00571231
0.00632201
0.00640085
0.00593634
0.00505353
0.00395149
0.00284762
0.00179649
0.000596939
-0.000226327
-0.000703291
-0.00101641
-0.00120526
-0.00125712
-0.00112051
-0.000727784
-2.49505e-05
0.000994714
0.00226657
0.00363301
0.00486414
0.00570156
0.00593525
0.00548342
0.00443865
0.00300324
0.00146553
0.00119577
-0.000201736
-0.00116181
-0.00175103
-0.00220949
-0.00258843
-0.00286667
-0.00296827
-0.0027887
-0.00222948
-0.00124052
0.00015409
0.00179635
0.00342322
0.00469351
0.00527798
0.00497519
0.00380907
0.00198257
-0.000100327
-0.000240356
-0.0017986
-0.00289055
-0.00362027
-0.00427544
-0.00491397
-0.00550195
-0.00593396
-0.0060606
-0.0057242
-0.00480251
-0.00328077
-0.00126606
0.000950776
0.00293015
0.00417356
0.00428289
0.00313923
0.000906445
-0.00185222
-0.00265031
-0.00432451
-0.00553918
-0.00643692
-0.00734435
-0.00832447
-0.00933005
-0.0102243
-0.0108063
-0.0108452
-0.0101281
-0.00853353
-0.00610176
-0.00310726
-8.17914e-05
0.00225934
0.00321673
0.0023993
-0.000173234
-0.0037486
-0.0061192
-0.00785938
-0.00918218
-0.0102689
-0.0114796
-0.0128853
-0.0144298
-0.0159475
-0.0171837
-0.0178212
-0.0175287
-0.0160361
-0.0132466
-0.00935143
-0.00493047
-0.00093637
0.00151271
0.00155899
-0.00113272
-0.00564216
-0.0106687
-0.0124207
-0.0138244
-0.0150986
-0.0166382
-0.0185311
-0.0207216
-0.0230242
-0.0251334
-0.0266417
-0.0270763
-0.0259697
-0.0230266
-0.018247
-0.0121612
-0.0059163
-0.00113707
0.000607831
-0.00172669
-0.00719028
-0.016257
-0.0179618
-0.019392
-0.0208021
-0.0226368
-0.025018
-0.0279051
-0.0311044
-0.0342696
-0.0369055
-0.0383866
-0.0379976
-0.0352756
-0.0298255
-0.0219978
-0.0129999
-0.00495407
-0.000370412
-0.00151114
-0.00771573
-0.0227988
-0.0243859
-0.0257385
-0.0271439
-0.0291384
-0.0319047
-0.0354356
-0.0395417
-0.0438465
-0.0477757
-0.0505708
-0.0513684
-0.0491546
-0.0433857
-0.0339813
-0.0219709
-0.00979992
-0.00101944
0.000284955
-0.00599517
-0.0302179
-0.0315817
-0.032665
-0.0337871
-0.0356627
-0.0385738
-0.042562
-0.0474472
-0.0528258
-0.0580537
-0.0622419
-0.0643016
-0.0630137
-0.0573241
-0.0466856
-0.0316984
-0.0147953
-0.000411918
0.00497028
2.72503e-05
-0.038555
-0.0394846
-0.0399565
-0.040322
-0.0416296
-0.0443036
-0.0484388
-0.0538517
-0.0600976
-0.0664568
-0.0719208
-0.0752132
-0.0748626
-0.0694144
-0.0578008
-0.0399965
-0.0180183
0.00328406
0.0147027
0.0135595
-0.0481696
-0.0481521
-0.0473988
-0.0462795
-0.0464071
-0.0483657
-0.0522752
-0.0579061
-0.0647317
-0.0719274
-0.0783527
-0.0825538
-0.0828256
-0.0773681
-0.0646404
-0.0439328
-0.0165398
0.0130223
0.0329342
0.0392836
-0.06023
-0.0579531
-0.0548629
-0.0512094
-0.0494229
-0.0501736
-0.0535148
-0.0590873
-0.0662131
-0.0739115
-0.0808724
-0.0854469
-0.0857014
-0.0795154
-0.0649386
-0.0406087
-0.00697672
0.0328188
0.0647957
0.0836786
-0.077477
-0.0694692
-0.0620839
-0.0545462
-0.0501357
-0.0493212
-0.0518997
-0.0572554
-0.0644799
-0.0723784
-0.0794336
-0.0837726
-0.0832138
-0.0752795
-0.0576191
-0.02821
0.0133532
0.0666617
0.115753
0.154808
-0.108922
-0.0850369
-0.0697707
-0.0563893
-0.0485387
-0.0458782
-0.0476204
-0.0527102
-0.0599116
-0.0677711
-0.0745465
-0.0781349
-0.0761002
-0.0655397
-0.0436416
-0.00744447
0.0447431
0.114932
0.188078
0.263281
-0.16869
-0.100743
-0.0730912
-0.0522867
-0.0413086
-0.0376975
-0.0394388
-0.0448612
-0.0524107
-0.0604415
-0.0670685
-0.070043
-0.0666836
-0.0537857
-0.0278883
0.0154104
0.0800714
0.17276
0.285854
0.445985
-0.402751
-0.139028
-0.0734574
-0.0447289
-0.0305705
-0.0266156
-0.0290828
-0.0353696
-0.0436494
-0.0522022
-0.0591188
-0.0621408
-0.0586135
-0.0452111
-0.0174491
0.0310794
0.108496
0.236657
0.427487
0.793679
)
;

boundaryField
{
    movingWall
    {
        type            zeroGradient;
    }
    fixedWalls
    {
        type            zeroGradient;
    }
    frontAndBack
    {
        type            empty;
    }
}


// ************************************************************************* //
