/*--------------------------------*- C++ -*----------------------------------*\
  =========                 |
  \\      /  F ield         | OpenFOAM: The Open Source CFD Toolbox
   \\    /   O peration     | Website:  https://openfoam.org
    \\  /    A nd           | Version:  13
     \\/     M anipulation  |
\*---------------------------------------------------------------------------*/
FoamFile
{
    format      ascii;
    class       volScalarField;
    location    "41";
    object      p;
}
// * * * * * * * * * * * * * * * * * * * * * * * * * * * * * * * * * * * * * //

dimensions      [0 2 -2 0 0 0 0];

internalField   nonuniform List<scalar> 
400
(
4.81877e-08
-0.000572485
-0.00121609
-0.00171896
-0.00195929
-0.00188477
-0.00147057
-0.000705623
0.000401204
0.00180587
0.0034146
0.00507492
0.00659095
0.00775101
0.00837971
0.00839554
0.00785526
0.00696882
0.00604793
0.00549426
0.000569886
-2.03842e-05
-0.000569768
-0.000957137
-0.00113212
-0.00106207
-0.000726068
-0.000109336
0.000788676
0.00193936
0.00326969
0.00466003
0.00594061
0.00692972
0.00747416
0.00750171
0.00705913
0.00631876
0.00554318
0.00497256
0.00124563
0.000492903
-8.68009e-05
-0.000441456
-0.000606248
-0.000576389
-0.000337374
0.000132496
0.000849599
0.0018068
0.00295476
0.0041917
0.00536435
0.00629374
0.00681917
0.00685283
0.00642068
0.00566811
0.00480886
0.00403711
0.00174052
0.000763616
7.35832e-05
-0.000322024
-0.000537211
-0.00059283
-0.000478328
-0.000160254
0.000399935
0.001222
0.0022816
0.00349278
0.00470163
0.00570966
0.00631933
0.00639809
0.00593345
0.0050505
0.00394834
0.00284437
0.00179541
0.000595656
-0.000227772
-0.0007049
-0.00101822
-0.00120732
-0.00125945
-0.00112309
-0.000730583
-2.79074e-05
0.00099168
0.00226353
0.00363001
0.00486119
0.00569863
0.00593227
0.00548035
0.00443544
0.00299988
0.00146204
0.00119465
-0.000203083
-0.00116335
-0.00175277
-0.00221148
-0.00259074
-0.00286933
-0.00297127
-0.00279199
-0.00223299
-0.00124412
0.00015047
0.0017928
0.00341979
0.00469018
0.00527469
0.00497186
0.00380564
0.00197897
-0.000104095
-0.000241675
-0.00180014
-0.0028923
-0.00362227
-0.00427776
-0.00491669
-0.00550512
-0.00593759
-0.00606461
-0.0057285
-0.00480697
-0.00328522
-0.00127038
0.000946654
0.00292625
0.00416983
0.00427923
0.00313551
0.000902573
-0.0018563
-0.00265199
-0.00432639
-0.00554129
-0.00643931
-0.00734715
-0.00832777
-0.00933392
-0.0102288
-0.0108113
-0.0108505
-0.0101336
-0.00853904
-0.0061071
-0.00311229
-8.64624e-05
0.00225501
0.00321262
0.00239525
-0.000177404
-0.00375299
-0.00612139
-0.00786173
-0.00918476
-0.0102718
-0.011483
-0.0128893
-0.0144344
-0.0159529
-0.0171896
-0.0178277
-0.0175354
-0.0160428
-0.0132531
-0.00935754
-0.00493607
-0.000941449
0.00150805
0.00155454
-0.00113719
-0.00564684
-0.0106715
-0.0124237
-0.0138275
-0.0151021
-0.0166422
-0.0185358
-0.0207272
-0.0230305
-0.0251405
-0.0266492
-0.0270841
-0.0259776
-0.0230343
-0.0182541
-0.0121678
-0.00592218
-0.00114233
0.000602982
-0.00173143
-0.00719519
-0.0162605
-0.0179654
-0.0193957
-0.0208062
-0.0226415
-0.0250234
-0.0279113
-0.0311115
-0.0342775
-0.0369139
-0.0383953
-0.0380067
-0.0352842
-0.0298336
-0.0220052
-0.0130065
-0.00495986
-0.000375616
-0.00151608
-0.00772072
-0.0228029
-0.02439
-0.0257427
-0.0271484
-0.0291435
-0.0319106
-0.0354424
-0.0395494
-0.0438549
-0.0477847
-0.05058
-0.0513772
-0.0491635
-0.043394
-0.0339889
-0.0219777
-0.00980598
-0.00102482
0.000279992
-0.00600005
-0.0302226
-0.0315862
-0.0326696
-0.033792
-0.0356681
-0.0385799
-0.042569
-0.047455
-0.0528343
-0.0580627
-0.0622511
-0.0643106
-0.0630223
-0.057332
-0.0466929
-0.031705
-0.0148012
-0.00041713
0.00496555
2.2752e-05
-0.03856
-0.0394895
-0.0399612
-0.0403269
-0.041635
-0.0443096
-0.0484456
-0.0538594
-0.0601059
-0.0664654
-0.0719295
-0.0752215
-0.0748704
-0.0694214
-0.0578071
-0.0400021
-0.0180233
0.00327949
0.0146985
0.0135557
-0.0481748
-0.048157
-0.0474035
-0.0462841
-0.0464121
-0.0483713
-0.0522815
-0.0579132
-0.0647394
-0.0719354
-0.0783607
-0.0825613
-0.0828323
-0.0773739
-0.0646453
-0.043937
-0.0165435
0.0130188
0.032931
0.0392807
-0.060235
-0.0579577
-0.0548672
-0.0512135
-0.0494272
-0.0501784
-0.0535204
-0.0590937
-0.0662201
-0.0739188
-0.0808795
-0.0854535
-0.085707
-0.0795199
-0.064942
-0.0406113
-0.00697891
0.0328168
0.0647937
0.0836768
-0.0774814
-0.0694732
-0.0620875
-0.0545495
-0.050139
-0.0493251
-0.0519045
-0.0572611
-0.0644863
-0.072385
-0.07944
-0.0837784
-0.0832185
-0.075283
-0.0576215
-0.0282113
0.0133524
0.066661
0.115752
0.154807
-0.108926
-0.0850401
-0.0697734
-0.0563916
-0.0485411
-0.0458812
-0.0476243
-0.0527151
-0.0599172
-0.0677771
-0.0745524
-0.0781401
-0.0761044
-0.0655426
-0.0436433
-0.00744513
0.0447431
0.114933
0.188078
0.263281
-0.168693
-0.100746
-0.0730932
-0.0522882
-0.0413103
-0.0376998
-0.0394421
-0.0448655
-0.0524158
-0.060447
-0.067074
-0.0700479
-0.0666876
-0.0537885
-0.0278899
0.0154098
0.0800715
0.17276
0.285854
0.445985
-0.402754
-0.139031
-0.0734592
-0.0447302
-0.0305719
-0.0266176
-0.0290857
-0.0353736
-0.0436541
-0.0522075
-0.0591241
-0.0621456
-0.0586176
-0.0452141
-0.0174509
0.0310786
0.108495
0.236657
0.427487
0.79368
)
;

boundaryField
{
    movingWall
    {
        type            zeroGradient;
    }
    fixedWalls
    {
        type            zeroGradient;
    }
    frontAndBack
    {
        type            empty;
    }
}


// ************************************************************************* //
