/*--------------------------------*- C++ -*----------------------------------*\
  =========                 |
  \\      /  F ield         | OpenFOAM: The Open Source CFD Toolbox
   \\    /   O peration     | Website:  https://openfoam.org
    \\  /    A nd           | Version:  13
     \\/     M anipulation  |
\*---------------------------------------------------------------------------*/
FoamFile
{
    format      ascii;
    class       volScalarField;
    location    "11";
    object      p;
}
// * * * * * * * * * * * * * * * * * * * * * * * * * * * * * * * * * * * * * //

dimensions      [0 2 -2 0 0 0 0];

internalField   nonuniform List<scalar> 
400
(
-3.28568e-09
-0.000387989
-0.00082134
-0.00109536
-0.00111751
-0.000854743
-0.000299798
0.000539355
0.00163867
0.00295167
0.00440236
0.00588213
0.0072553
0.00837603
0.00911641
0.009401
0.00923857
0.00874117
0.00812638
0.00767816
0.000389192
-1.1094e-05
-0.000380596
-0.000584568
-0.000567964
-0.000312207
0.000188218
0.00092935
0.00189404
0.00304526
0.00431939
0.00562336
0.0068392
0.00783921
0.00851094
0.0087876
0.00867411
0.0082596
0.00771493
0.0072545
0.000839315
0.000329057
-6.42629e-05
-0.000252642
-0.000229014
3.25002e-06
0.000445148
0.00109748
0.00195275
0.00298613
0.00414681
0.0053531
0.00649512
0.00744811
0.008097
0.00836711
0.00825036
0.00781538
0.00720191
0.00660073
0.00111808
0.000459049
-1.27123e-05
-0.000232006
-0.000232217
-3.90477e-05
0.000343391
0.000921563
0.00169979
0.00266761
0.00378759
0.00498649
0.00615432
0.00715557
0.00785441
0.00814946
0.00800624
0.0074734
0.0066859
0.00585778
0.00106315
0.00024727
-0.000324024
-0.000600677
-0.000648441
-0.00051135
-0.000195989
0.000312383
0.00103291
0.00197272
0.00311023
0.00438087
0.00567069
0.00682359
0.00766674
0.00805182
0.00789996
0.0072345
0.00620471
0.00507899
0.000547373
-0.000420305
-0.00109749
-0.00144681
-0.00156225
-0.0015024
-0.00127296
-0.00084736
-0.000187285
0.000737549
0.00192796
0.00333387
0.00483987
0.00626438
0.00738236
0.0079731
0.00788414
0.00709346
0.00577056
0.00426746
-0.000541356
-0.00165109
-0.00243632
-0.00287106
-0.00307703
-0.00312541
-0.00301833
-0.00271383
-0.00214892
-0.0012616
-1.68189e-05
0.00156382
0.00337507
0.00521318
0.0067883
0.00777497
0.00789966
0.00704994
0.0054005
0.00342067
-0.00230543
-0.00354543
-0.00444072
-0.00497541
-0.00530189
-0.0055043
-0.00558025
-0.00546974
-0.00507919
-0.00430373
-0.00305612
-0.001306
0.000877368
0.00328583
0.0055614
0.0072373
0.00784811
0.00710615
0.00513842
0.00256784
-0.00483763
-0.00619371
-0.00720061
-0.00785118
-0.00833504
-0.00875275
-0.00909905
-0.00929535
-0.00921276
-0.00869138
-0.00756898
-0.00572896
-0.0031614
-3.76587e-05
0.00323452
0.00601777
0.00756187
0.0072634
0.00508088
0.00181519
-0.00821953
-0.00967297
-0.0107879
-0.0115647
-0.0122416
-0.0129432
-0.0136663
-0.0143168
-0.0147286
-0.0146768
-0.0139004
-0.0121526
-0.00928628
-0.00536316
-0.000784102
0.0036438
0.00678761
0.00752452
0.00541535
0.00141479
-0.0125217
-0.0140449
-0.0152483
-0.0161394
-0.0170244
-0.0180644
-0.0192676
-0.0205305
-0.0216532
-0.0223405
-0.022213
-0.0208511
-0.0179039
-0.013219
-0.00708389
-0.000412001
0.00521954
0.00792125
0.00648326
0.00187777
-0.0178125
-0.0193597
-0.0205943
-0.0215353
-0.0225889
-0.0239723
-0.0257165
-0.0277175
-0.0297479
-0.0314443
-0.0323007
-0.0317014
-0.0290067
-0.0237589
-0.0159727
-0.00651315
0.00263881
0.00860394
0.00888848
0.00416103
-0.0241885
-0.0256731
-0.0268035
-0.0276286
-0.0287092
-0.030345
-0.0325998
-0.0353751
-0.0384219
-0.0413144
-0.0434234
-0.0439239
-0.0418691
-0.0363923
-0.02707
-0.0144773
-0.000791948
0.0100427
0.0136812
0.00995642
-0.0318509
-0.0330879
-0.0338236
-0.0341934
-0.035002
-0.0366594
-0.0392624
-0.0427121
-0.0467339
-0.0508412
-0.054291
-0.0560632
-0.0549106
-0.0495256
-0.0389232
-0.0231163
-0.00408909
0.0133738
0.0226511
0.022079
-0.0412815
-0.0418389
-0.0415871
-0.0408879
-0.0409202
-0.0422114
-0.044862
-0.0487423
-0.0535281
-0.0586588
-0.063279
-0.0661941
-0.0658894
-0.0606536
-0.0489161
-0.0299282
-0.00499334
0.0208622
0.0387281
0.0448201
-0.0535592
-0.0524433
-0.0500301
-0.0472443
-0.0457751
-0.0461892
-0.0484988
-0.0524759
-0.0576944
-0.063482
-0.068853
-0.0724432
-0.072505
-0.0669771
-0.0537678
-0.031316
0.000167623
0.0362978
0.0664094
0.0839345
-0.0709124
-0.0659522
-0.0590333
-0.0525803
-0.0487214
-0.0477362
-0.0493485
-0.0531184
-0.0584386
-0.0644679
-0.0700552
-0.0736515
-0.073272
-0.0665244
-0.0508369
-0.0238503
0.0155819
0.0647285
0.112215
0.147084
-0.100141
-0.0845333
-0.0678637
-0.0554657
-0.0484172
-0.0457712
-0.0466054
-0.0501085
-0.0554036
-0.0614305
-0.0668727
-0.0699751
-0.0684811
-0.0596268
-0.0402569
-0.00709871
0.0427907
0.109805
0.184984
0.251747
-0.172449
-0.111906
-0.072685
-0.0521055
-0.0422596
-0.0386929
-0.0394499
-0.0432508
-0.0488965
-0.055106
-0.0604905
-0.0632193
-0.0607549
-0.0499671
-0.0270486
0.0126138
0.0750165
0.166974
0.292165
0.443151
-0.352343
-0.152013
-0.0686242
-0.0422182
-0.0318181
-0.0282986
-0.0296624
-0.0343503
-0.0408823
-0.0478462
-0.053713
-0.0565753
-0.0539149
-0.0425236
-0.0179965
0.0260657
0.100101
0.223242
0.424765
0.727551
)
;

boundaryField
{
    movingWall
    {
        type            zeroGradient;
    }
    fixedWalls
    {
        type            zeroGradient;
    }
    frontAndBack
    {
        type            empty;
    }
}


// ************************************************************************* //
