/*--------------------------------*- C++ -*----------------------------------*\
  =========                 |
  \\      /  F ield         | OpenFOAM: The Open Source CFD Toolbox
   \\    /   O peration     | Website:  https://openfoam.org
    \\  /    A nd           | Version:  13
     \\/     M anipulation  |
\*---------------------------------------------------------------------------*/
FoamFile
{
    format      ascii;
    class       volScalarField;
    location    "22";
    object      p;
}
// * * * * * * * * * * * * * * * * * * * * * * * * * * * * * * * * * * * * * //

dimensions      [0 2 -2 0 0 0 0];

internalField   nonuniform List<scalar> 
400
(
-3.12347e-09
-0.000492358
-0.00108269
-0.00152436
-0.00170303
-0.00157321
-0.00111501
-0.000322636
0.000790712
0.00217997
0.00375503
0.00537511
0.0068582
0.00800915
0.00866481
0.00874579
0.00829771
0.00750689
0.00667903
0.00615038
0.000497781
-1.15471e-05
-0.000527541
-0.000876042
-0.00100054
-0.000876197
-0.000486504
0.000178131
0.00111296
0.00228633
0.00362679
0.005017
0.0063002
0.00730519
0.007887
0.00797401
0.00760367
0.00692941
0.00619233
0.0056531
0.00111104
0.000468658
-7.70107e-05
-0.000396179
-0.000506954
-0.000416109
-0.000113257
0.000417713
0.00118628
0.00217993
0.00334824
0.00459284
0.00577019
0.00671328
0.00727191
0.00736166
0.0070013
0.00631491
0.00549514
0.00479066
0.00154142
0.000711157
5.92567e-05
-0.000299538
-0.000450033
-0.000429915
-0.000233574
0.00016523
0.000795378
0.0016682
0.00275583
0.00397452
0.00518127
0.00619216
0.00682452
0.00695413
0.00656374
0.00575148
0.00469607
0.00370339
0.00155695
0.000534453
-0.000249185
-0.000687005
-0.000920463
-0.00101171
-0.000954798
-0.000708122
-0.000217491
0.000558675
0.00162083
0.00290274
0.00425873
0.00547543
0.00631455
0.00658176
0.00619594
0.00521837
0.00383448
0.0024611
0.000967357
-0.000229851
-0.00114865
-0.00169117
-0.00204792
-0.00229878
-0.00243195
-0.0023848
-0.00207077
-0.00140841
-0.000356857
0.00104756
0.00266449
0.00424761
0.00548213
0.00606521
0.00580575
0.00469367
0.00292104
0.00107035
-0.000389819
-0.00173438
-0.00278441
-0.00345477
-0.00397948
-0.00445123
-0.00484852
-0.0050832
-0.00502878
-0.00455111
-0.00354955
-0.00200649
-3.41209e-05
0.00209862
0.00398593
0.00516988
0.00527774
0.00415591
0.00196948
-0.000470171
-0.0026453
-0.00410392
-0.00527831
-0.00610013
-0.00684338
-0.00761157
-0.00837282
-0.00901166
-0.0093554
-0.00920276
-0.00836784
-0.00674225
-0.00436834
-0.00150437
0.00135641
0.00355503
0.00443766
0.00357955
0.00102558
-0.00211934
-0.0058887
-0.00742337
-0.00871106
-0.00970406
-0.0107155
-0.0118619
-0.0131048
-0.0143039
-0.0152376
-0.0156251
-0.0151677
-0.0136202
-0.0108936
-0.00717048
-0.00299195
0.00075885
0.0030318
0.002935
0.0002012
-0.0037352
-0.0101595
-0.0117277
-0.0131069
-0.0142732
-0.0155833
-0.0171743
-0.0190105
-0.0209343
-0.0226788
-0.023877
-0.0240949
-0.0229046
-0.0200122
-0.0154276
-0.00964668
-0.00374242
0.000745428
0.00220291
-0.000278607
-0.00499114
-0.0154456
-0.0169987
-0.0184235
-0.0197227
-0.0213109
-0.0233619
-0.0258567
-0.0286329
-0.0313869
-0.0336687
-0.0348987
-0.0344331
-0.0317063
-0.0264408
-0.0189407
-0.0103427
-0.00268443
0.00143806
1.01497e-06
-0.00524603
-0.0216978
-0.0231758
-0.024553
-0.0258644
-0.0276167
-0.0300475
-0.033172
-0.0368359
-0.0407101
-0.044271
-0.0467993
-0.0474289
-0.0452727
-0.0396769
-0.0305794
-0.0189587
-0.00720669
0.000937819
0.00178188
-0.00334445
-0.0288745
-0.0301872
-0.0313364
-0.0324091
-0.0340722
-0.0366676
-0.0402617
-0.0447143
-0.0496761
-0.0545586
-0.0585162
-0.0604726
-0.0592274
-0.0536961
-0.0433112
-0.0286259
-0.0120703
0.00154245
0.00636964
0.0026739
-0.037038
-0.03801
-0.0385911
-0.0389803
-0.0401255
-0.0425227
-0.0462934
-0.0513012
-0.0571644
-0.0632258
-0.068522
-0.0717891
-0.0715442
-0.0662889
-0.0548976
-0.0372828
-0.0154901
0.00498395
0.015966
0.0159419
-0.0465553
-0.0467718
-0.0461432
-0.0451346
-0.0451513
-0.0468729
-0.050446
-0.0556963
-0.0621724
-0.0691214
-0.075451
-0.0797195
-0.080193
-0.0750141
-0.0625431
-0.0419811
-0.0146099
0.0140785
0.0339254
0.0409963
-0.0584437
-0.0569215
-0.0538758
-0.0504006
-0.0485372
-0.0490788
-0.0520942
-0.05729
-0.0640765
-0.0715562
-0.078473
-0.083191
-0.0837319
-0.0779161
-0.0636662
-0.0395397
-0.00587101
0.0326344
0.0646885
0.0833499
-0.0749546
-0.0695409
-0.0617592
-0.0543067
-0.0497721
-0.0487234
-0.0509413
-0.0558847
-0.0627454
-0.070417
-0.0774371
-0.0819436
-0.0816921
-0.074162
-0.0568329
-0.0276488
0.0140497
0.0650482
0.113986
0.149719
-0.103184
-0.0871102
-0.0694663
-0.0560043
-0.0481569
-0.0453623
-0.0467869
-0.0514877
-0.0583423
-0.0659972
-0.0727736
-0.076574
-0.0748761
-0.0647668
-0.0431381
-0.00703901
0.0456327
0.11431
0.190622
0.257432
-0.175191
-0.114234
-0.0733779
-0.0518941
-0.0412345
-0.0374286
-0.038749
-0.0437531
-0.0509456
-0.0587582
-0.0653965
-0.0686069
-0.0656628
-0.0533062
-0.0277444
0.0154271
0.0813522
0.175889
0.303815
0.45164
-0.35507
-0.154621
-0.0701276
-0.0427575
-0.0313917
-0.0274649
-0.0292975
-0.0350837
-0.0429835
-0.05128
-0.0581213
-0.0612646
-0.0579611
-0.0448398
-0.0174929
0.0300665
0.107365
0.232191
0.433648
0.734819
)
;

boundaryField
{
    movingWall
    {
        type            zeroGradient;
    }
    fixedWalls
    {
        type            zeroGradient;
    }
    frontAndBack
    {
        type            empty;
    }
}


// ************************************************************************* //
