/*--------------------------------*- C++ -*----------------------------------*\
  =========                 |
  \\      /  F ield         | OpenFOAM: The Open Source CFD Toolbox
   \\    /   O peration     | Website:  https://openfoam.org
    \\  /    A nd           | Version:  13
     \\/     M anipulation  |
\*---------------------------------------------------------------------------*/
FoamFile
{
    format      ascii;
    class       volScalarField;
    location    "32";
    object      p;
}
// * * * * * * * * * * * * * * * * * * * * * * * * * * * * * * * * * * * * * //

dimensions      [0 2 -2 0 0 0 0];

internalField   nonuniform List<scalar> 
400
(
-3.74486e-10
-0.000522104
-0.00115699
-0.00164556
-0.00186903
-0.0017788
-0.00135131
-0.000576628
0.000535364
0.00194026
0.0035445
0.00519915
0.00671064
0.00787173
0.00851087
0.00854782
0.00803671
0.00718018
0.00630536
0.0057566
0.000528848
-1.12783e-05
-0.000570544
-0.000960038
-0.00112598
-0.00104201
-0.000687971
-4.98457e-05
0.000871719
0.00204707
0.00340303
0.00481601
0.00611908
0.0071297
0.00769448
0.00774037
0.00731253
0.00657961
0.00579924
0.00524069
0.00118855
0.000511302
-7.96443e-05
-0.000435554
-0.000586667
-0.000540514
-0.000282898
0.000207539
0.000945896
0.00192377
0.00309133
0.00434596
0.0055353
0.00648118
0.00702411
0.00707687
0.00666458
0.00592447
0.00505974
0.00433166
0.00166046
0.000786725
8.07908e-05
-0.0003177
-0.000514721
-0.000550383
-0.000414353
-7.34273e-05
0.000509278
0.00135187
0.00242936
0.00365506
0.00487688
0.00589788
0.00652291
0.00662158
0.00618109
0.00531174
0.00419854
0.00317095
0.0016935
0.000620572
-0.000226407
-0.000710653
-0.00100264
-0.00116763
-0.00119327
-0.00102847
-0.000607855
0.000120326
0.00116233
0.00245112
0.00383166
0.00507513
0.00592599
0.00617795
0.00575018
0.00471388
0.00325597
0.00183357
0.00107999
-0.000171037
-0.00116097
-0.00175984
-0.00219288
-0.00254264
-0.00278854
-0.00285542
-0.00264167
-0.00205141
-0.00103412
0.000377448
0.00203356
0.00367059
0.00495052
0.00554984
0.00527008
0.00410576
0.00224349
0.000328329
-0.000355062
-0.0017527
-0.00287941
-0.00361915
-0.00424346
-0.00484625
-0.00539454
-0.00578424
-0.00586949
-0.00549642
-0.00454856
-0.00300267
-0.000974223
0.00124935
0.00323247
0.00448504
0.00461482
0.00346234
0.00117556
-0.00134361
-0.00274741
-0.00425392
-0.00550743
-0.00641395
-0.00728436
-0.00822114
-0.00917834
-0.0100213
-0.0105534
-0.0105481
-0.00979766
-0.00817988
-0.00573575
-0.00273935
0.000281832
0.00262416
0.00359773
0.00275411
0.00010058
-0.00313557
-0.00618201
-0.00775499
-0.00912
-0.0102132
-0.0113806
-0.0127348
-0.0142213
-0.0156777
-0.0168544
-0.01744
-0.0171073
-0.0155897
-0.0127889
-0.00889732
-0.00448979
-0.000503649
0.00195675
0.0019499
-0.000862641
-0.00489452
-0.0106835
-0.0122762
-0.0137251
-0.0150037
-0.0164943
-0.0183279
-0.0204509
-0.0226816
-0.0247213
-0.026168
-0.0265542
-0.0254242
-0.0224684
-0.0176967
-0.0116322
-0.00540287
-0.000615463
0.00103643
-0.00147519
-0.00627448
-0.0162157
-0.0177761
-0.0192551
-0.0206698
-0.0224519
-0.0247674
-0.0275787
-0.0306971
-0.0337842
-0.0363513
-0.0377827
-0.0374036
-0.0346341
-0.0291859
-0.0213806
-0.0123995
-0.00434363
8.87725e-05
-0.00130047
-0.00660523
-0.0227003
-0.0241654
-0.0255714
-0.0269871
-0.0289281
-0.0316247
-0.0350739
-0.0390923
-0.0433123
-0.0471687
-0.0499057
-0.0506317
-0.048439
-0.0426765
-0.0332919
-0.0212896
-0.00909862
-0.000556356
0.000429712
-0.00469593
-0.0300649
-0.0313437
-0.0324855
-0.0336313
-0.0354546
-0.038294
-0.0421979
-0.0469932
-0.0522862
-0.0574422
-0.0615788
-0.0635986
-0.0622973
-0.0566034
-0.0459706
-0.0309666
-0.0140184
4.74806e-06
0.00505263
0.00144686
-0.038345
-0.0392634
-0.0397907
-0.0402007
-0.0414554
-0.0440564
-0.0481073
-0.0534318
-0.0595951
-0.0658867
-0.0713035
-0.0745656
-0.074201
-0.0687472
-0.0571255
-0.0392744
-0.0172056
0.00359622
0.0148243
0.0149787
-0.0478861
-0.0480327
-0.0472962
-0.0462386
-0.0463013
-0.0481824
-0.0520078
-0.0575526
-0.0643008
-0.0714362
-0.0778217
-0.0820008
-0.0822611
-0.0768016
-0.06406
-0.0432956
-0.0157611
0.0131187
0.0331725
0.0404373
-0.0596907
-0.0580834
-0.0548721
-0.0512717
-0.0493957
-0.0500675
-0.0533273
-0.0588154
-0.0658664
-0.0735083
-0.0804339
-0.0849911
-0.0852266
-0.079027
-0.0644121
-0.0400327
-0.00623697
0.0323337
0.0645059
0.0832773
-0.0760073
-0.0704875
-0.0624899
-0.0548508
-0.0502712
-0.0493539
-0.0518361
-0.0570959
-0.0642358
-0.0720692
-0.0790786
-0.0833847
-0.0827662
-0.0747668
-0.0569662
-0.027423
0.0144439
0.0653875
0.114296
0.150087
-0.10398
-0.0877787
-0.0698921
-0.0562284
-0.0483343
-0.045692
-0.0474137
-0.0524611
-0.0596164
-0.0674423
-0.0742023
-0.0777872
-0.0757004
-0.0650844
-0.0429234
-0.00637076
0.046543
0.115138
0.19133
0.258131
-0.175825
-0.114765
-0.0735705
-0.0518986
-0.0411941
-0.03754
-0.039166
-0.044525
-0.0520296
-0.0600328
-0.0666643
-0.0696671
-0.0663543
-0.0535304
-0.0274558
0.0162231
0.0824887
0.177128
0.305171
0.452501
-0.355697
-0.155132
-0.0703762
-0.0427799
-0.031357
-0.0275699
-0.0296779
-0.0357802
-0.0439555
-0.0524222
-0.0592804
-0.0622708
-0.0586595
-0.0451051
-0.0172905
0.0306765
0.108233
0.233152
0.434604
0.735686
)
;

boundaryField
{
    movingWall
    {
        type            zeroGradient;
    }
    fixedWalls
    {
        type            zeroGradient;
    }
    frontAndBack
    {
        type            empty;
    }
}


// ************************************************************************* //
