/*--------------------------------*- C++ -*----------------------------------*\
  =========                 |
  \\      /  F ield         | OpenFOAM: The Open Source CFD Toolbox
   \\    /   O peration     | Website:  https://openfoam.org
    \\  /    A nd           | Version:  13
     \\/     M anipulation  |
\*---------------------------------------------------------------------------*/
FoamFile
{
    format      ascii;
    class       volScalarField;
    location    "29";
    object      p;
}
// * * * * * * * * * * * * * * * * * * * * * * * * * * * * * * * * * * * * * //

dimensions      [0 2 -2 0 0 0 0];

internalField   nonuniform List<scalar> 
400
(
-2.79914e-09
-0.000517006
-0.00114415
-0.00162457
-0.00184019
-0.00174294
-0.00130993
-0.000531927
0.000580603
0.00198313
0.00358269
0.00523172
0.00673862
0.00789816
0.00854018
0.00858457
0.00808401
0.00723848
0.00637126
0.00582592
0.000523479
-1.13423e-05
-0.000562928
-0.000945303
-0.00110395
-0.00101279
-0.000652336
-9.365e-06
0.000914752
0.00209
0.00344351
0.00485275
0.00615255
0.0071623
0.00773001
0.00778286
0.0073647
0.00664162
0.00586842
0.0053131
0.0011751
0.000503682
-7.91887e-05
-0.0004288
-0.000572805
-0.000518664
-0.000252915
0.000244862
0.00098877
0.00196967
0.00313763
0.00439077
0.00557821
0.00652369
0.00706928
0.00712824
0.00672458
0.00599331
0.00513601
0.00441178
0.0016398
0.000773287
7.70897e-05
-0.000314579
-0.000503357
-0.000529036
-0.00038222
-3.09462e-05
0.000560249
0.00140828
0.00248769
0.00371232
0.00493164
0.00595091
0.00657711
0.00668092
0.00624872
0.00538871
0.00428513
0.00326319
0.00166976
0.000605147
-0.000230404
-0.00070665
-0.000988246
-0.00114006
-0.001151
-0.000971688
-0.000538711
0.000197905
0.00124346
0.00253115
0.0039075
0.00514632
0.00599504
0.00624939
0.00582843
0.00480158
0.00335598
0.00194146
0.00106036
-0.000181879
-0.00115901
-0.00174813
-0.00216762
-0.00249977
-0.00272573
-0.00277255
-0.00254126
-0.00193852
-0.000915457
0.000494951
0.00214428
0.00377195
0.0050439
0.00564017
0.00536343
0.00420725
0.00235983
0.000454981
-0.000361254
-0.00175027
-0.00286324
-0.00359092
-0.00419757
-0.00477716
-0.00529891
-0.00566156
-0.00572263
-0.00533162
-0.00437464
-0.00282964
-0.000811083
0.00139672
0.0033632
0.00460379
0.00472939
0.0035812
0.00131096
-0.00119556
-0.00272999
-0.00422874
-0.00546816
-0.00635989
-0.00720784
-0.00811496
-0.00903799
-0.00984561
-0.0103455
-0.0103154
-0.00955102
-0.00793261
-0.00550101
-0.00252756
0.000466022
0.00278377
0.0037416
0.00289457
0.000257278
-0.00296449
-0.0061317
-0.00769845
-0.00904982
-0.0101255
-0.0112654
-0.0125834
-0.0140277
-0.01544
-0.0165756
-0.0171283
-0.0167756
-0.0152542
-0.012467
-0.00860451
-0.00423596
-0.000289455
0.00213936
0.00211649
-0.000683555
-0.00470066
-0.0105936
-0.0121823
-0.0136191
-0.014878
-0.016337
-0.0181285
-0.0202023
-0.0223809
-0.0243712
-0.0257774
-0.0261372
-0.0249994
-0.0220557
-0.0173162
-0.0112993
-0.00512393
-0.000386108
0.00123267
-0.0012749
-0.00606129
-0.0160838
-0.0176429
-0.0191127
-0.0205072
-0.0222556
-0.0245254
-0.0272827
-0.0303435
-0.0333756
-0.035897
-0.0372978
-0.0369085
-0.0341478
-0.028731
-0.0209764
-0.0120577
-0.00406659
0.000314322
-0.00108398
-0.00638093
-0.0225289
-0.023996
-0.0253975
-0.0267948
-0.0287031
-0.031354
-0.034748
-0.0387071
-0.0428707
-0.0466806
-0.049387
-0.0501006
-0.0479187
-0.042186
-0.032849
-0.0209079
-0.00878696
-0.000309075
0.00065275
-0.00447456
-0.0298617
-0.0311458
-0.0322896
-0.0334225
-0.0352179
-0.0380152
-0.0418664
-0.0466046
-0.051844
-0.0569581
-0.0610702
-0.0630853
-0.0617989
-0.0561354
-0.0455444
-0.0305909
-0.0137032
0.000256212
0.00526799
0.0016463
-0.0381221
-0.039049
-0.0395865
-0.0399924
-0.0412278
-0.0437932
-0.047796
-0.0530673
-0.0591821
-0.0654392
-0.0708419
-0.0741119
-0.073774
-0.0683582
-0.0567769
-0.0389631
-0.0169339
0.00382098
0.0150102
0.0151342
-0.0476591
-0.0478167
-0.0470999
-0.0460502
-0.046104
-0.0479564
-0.0517375
-0.0572321
-0.0639358
-0.0710436
-0.0774257
-0.0816271
-0.0819304
-0.0765236
-0.0638303
-0.0430984
-0.0155845
0.0132721
0.0332945
0.040527
-0.0594777
-0.0578837
-0.0547021
-0.0511228
-0.0492474
-0.0498947
-0.0531106
-0.0585479
-0.0655549
-0.0731725
-0.0801022
-0.0846934
-0.0849871
-0.0788575
-0.0643064
-0.0399681
-0.00618839
0.032378
0.0645336
0.0832887
-0.0758273
-0.0703245
-0.0623654
-0.0547581
-0.0501841
-0.0492412
-0.0516753
-0.0568794
-0.0639722
-0.0717811
-0.0787975
-0.0831439
-0.0825935
-0.0746776
-0.0569571
-0.0274715
0.0143721
0.0653298
0.114247
0.150028
-0.103844
-0.0876643
-0.0698213
-0.0561924
-0.0483035
-0.045631
-0.0472981
-0.0522843
-0.0593886
-0.0671888
-0.0739568
-0.077584
-0.0755679
-0.0650405
-0.0429685
-0.00648703
0.0463936
0.115009
0.191225
0.258023
-0.175717
-0.114676
-0.0735393
-0.0519007
-0.041201
-0.0375166
-0.0390867
-0.0443832
-0.0518345
-0.0598084
-0.066446
-0.0694879
-0.0662403
-0.0534954
-0.027505
0.016094
0.0823115
0.176942
0.304978
0.452371
-0.35559
-0.155046
-0.0703354
-0.0427773
-0.0313616
-0.027548
-0.0296076
-0.0356549
-0.0437824
-0.0522202
-0.0590773
-0.0620964
-0.05854
-0.0450595
-0.0173214
0.0305813
0.108098
0.233004
0.434459
0.735555
)
;

boundaryField
{
    movingWall
    {
        type            zeroGradient;
    }
    fixedWalls
    {
        type            zeroGradient;
    }
    frontAndBack
    {
        type            empty;
    }
}


// ************************************************************************* //
