/*--------------------------------*- C++ -*----------------------------------*\
  =========                 |
  \\      /  F ield         | OpenFOAM: The Open Source CFD Toolbox
   \\    /   O peration     | Website:  https://openfoam.org
    \\  /    A nd           | Version:  13
     \\/     M anipulation  |
\*---------------------------------------------------------------------------*/
FoamFile
{
    format      ascii;
    class       volScalarField;
    location    "7";
    object      p;
}
// * * * * * * * * * * * * * * * * * * * * * * * * * * * * * * * * * * * * * //

dimensions      [0 2 -2 0 0 0 0];

internalField   nonuniform List<scalar> 
400
(
-5.25503e-10
-0.000339489
-0.00069005
-0.000864451
-0.00078618
-0.000433765
0.000190406
0.00107005
0.00217583
0.00346214
0.00486335
0.00629217
0.0076425
0.00879952
0.00965615
0.0101356
0.0102156
0.00995004
0.00948979
0.00908896
0.000340924
-8.05586e-06
-0.000298472
-0.000420211
-0.000319802
1.64721e-05
0.000587408
0.00138196
0.00237746
0.00353575
0.00479954
0.00609126
0.00731626
0.0083719
0.00916285
0.00962077
0.00972445
0.00951647
0.00912036
0.00870717
0.000705888
0.000257275
-5.4501e-05
-0.000171851
-7.42575e-05
0.000237523
0.000760395
0.00148798
0.00240518
0.0034822
0.00466969
0.00589653
0.00707238
0.00809596
0.0088701
0.00932137
0.00941985
0.00919407
0.00874589
0.00820696
0.000890551
0.000319352
-5.42685e-05
-0.000200224
-0.000123739
0.000159284
0.000642619
0.00132436
0.0021977
0.003242
0.00441562
0.00565157
0.00685822
0.00792654
0.00874539
0.00922309
0.00931079
0.00902172
0.00845454
0.00774203
0.00077151
7.17819e-05
-0.000380371
-0.000573158
-0.000530043
-0.000279107
0.000171678
0.000826069
0.00168684
0.00274377
0.00396344
0.00528179
0.006602
0.00779964
0.00873828
0.00929467
0.00938974
0.00901891
0.00829227
0.0073646
0.000261247
-0.000567597
-0.00110524
-0.00135429
-0.00135289
-0.00113867
-0.00071914
-8.26079e-05
0.000785845
0.00188928
0.00320529
0.00467424
0.00619328
0.00761718
0.00877312
0.00949022
0.00964204
0.00919584
0.00827925
0.00708375
-0.000717056
-0.00167632
-0.00230459
-0.00261707
-0.00266672
-0.00249965
-0.00212076
-0.00150747
-0.000628755
0.000536841
0.00198394
0.00366354
0.00547036
0.0072367
0.00874281
0.00974925
0.0100544
0.00957256
0.00844303
0.00690733
-0.00224032
-0.00333402
-0.00405952
-0.00444441
-0.00455992
-0.00446133
-0.00414939
-0.00358725
-0.00272255
-0.00150781
7.9061e-05
0.00201112
0.00419263
0.00643877
0.00847562
0.00996969
0.0106011
0.0101825
0.0088381
0.0068712
-0.00439192
-0.00562598
-0.00645697
-0.00692626
-0.00713032
-0.00713634
-0.00694008
-0.00648721
-0.00569816
-0.00448967
-0.00279738
-0.000606953
0.00201823
0.00489449
0.00769664
0.00997175
0.0112211
0.011072
0.00956639
0.00707347
-0.00726664
-0.00864586
-0.00958917
-0.010155
-0.0104766
-0.0106379
-0.0106301
-0.0103788
-0.00977196
-0.00868022
-0.00697954
-0.00458404
-0.00149191
0.00215338
0.0059998
0.00946209
0.0117907
0.0122972
0.0108049
0.00772619
-0.0109768
-0.012499
-0.0135519
-0.0142174
-0.0146829
-0.015057
-0.0153276
-0.0153992
-0.0151234
-0.0143162
-0.0127754
-0.0103124
-0.00681172
-0.00231272
0.00286478
0.00802491
0.012105
0.0139254
0.0128485
0.00924071
-0.0156645
-0.0173089
-0.0184418
-0.0191806
-0.0197945
-0.0204265
-0.0210624
-0.0215856
-0.0218108
-0.021495
-0.0203436
-0.0180377
-0.014294
-0.00896137
-0.00222456
0.00519473
0.0119117
0.0160661
0.0161837
0.0123728
-0.0215299
-0.0232326
-0.0243542
-0.0250729
-0.0257824
-0.0266702
-0.0277187
-0.0287885
-0.0296591
-0.0300306
-0.0295145
-0.0276415
-0.0239082
-0.0178934
-0.00950266
0.000686223
0.0110712
0.0189857
0.0216302
0.0184677
-0.0288979
-0.0304937
-0.03138
-0.0318522
-0.0324929
-0.033539
-0.0349571
-0.0365779
-0.038146
-0.0393103
-0.039595
-0.0383797
-0.0349261
-0.0284692
-0.018489
-0.00517561
0.00992228
0.0233917
0.0306113
0.0298488
-0.0383646
-0.0394482
-0.0395994
-0.0393548
-0.039577
-0.0405329
-0.0421383
-0.0441729
-0.0463378
-0.0482327
-0.049305
-0.0487985
-0.0457428
-0.0390147
-0.0275627
-0.0109265
0.00983406
0.0309321
0.0456138
0.05034
-0.0510719
-0.0506944
-0.049041
-0.0471853
-0.0463701
-0.0468011
-0.0482607
-0.0504293
-0.0529361
-0.0553148
-0.056933
-0.0569112
-0.0540747
-0.0469535
-0.033941
-0.0137263
0.0136386
0.0447434
0.0707985
0.0857673
-0.0692618
-0.0652368
-0.0594914
-0.054437
-0.0516597
-0.0510028
-0.0519307
-0.0539292
-0.056491
-0.0590391
-0.0608344
-0.0608706
-0.0577698
-0.0497302
-0.0346184
-0.0101556
0.0251204
0.0693397
0.112484
0.144705
-0.0994542
-0.0848802
-0.0697438
-0.058957
-0.0532371
-0.051144
-0.051442
-0.0532448
-0.0558212
-0.0584235
-0.0601825
-0.0599459
-0.0561152
-0.0465585
-0.0285745
0.00118746
0.0462538
0.10818
0.178774
0.243906
-0.171093
-0.112303
-0.0756907
-0.0565784
-0.0480744
-0.0452501
-0.0456598
-0.047906
-0.0509812
-0.0539684
-0.0558942
-0.0555414
-0.0511315
-0.0402165
-0.0194911
0.0156862
0.0717839
0.157075
0.275267
0.426326
-0.350563
-0.151221
-0.070368
-0.044973
-0.0361199
-0.0339639
-0.0355073
-0.0390305
-0.0433131
-0.0473447
-0.0500862
-0.050278
-0.0461639
-0.0351891
-0.0135243
0.0248877
0.0908337
0.206299
0.404163
0.713514
)
;

boundaryField
{
    movingWall
    {
        type            zeroGradient;
    }
    fixedWalls
    {
        type            zeroGradient;
    }
    frontAndBack
    {
        type            empty;
    }
}


// ************************************************************************* //
