/*--------------------------------*- C++ -*----------------------------------*\
  =========                 |
  \\      /  F ield         | OpenFOAM: The Open Source CFD Toolbox
   \\    /   O peration     | Website:  https://openfoam.org
    \\  /    A nd           | Version:  13
     \\/     M anipulation  |
\*---------------------------------------------------------------------------*/
FoamFile
{
    format      ascii;
    class       volScalarField;
    location    "24";
    object      p;
}
// * * * * * * * * * * * * * * * * * * * * * * * * * * * * * * * * * * * * * //

dimensions      [0 2 -2 0 0 0 0];

internalField   nonuniform List<scalar> 
400
(
-2.44368e-09
-0.000501906
-0.00110633
-0.00156287
-0.00175565
-0.00163819
-0.00118947
-0.000402379
0.000710936
0.00210562
0.00369046
0.00532204
0.0068146
0.00796907
0.0086195
0.0086862
0.00821755
0.0074053
0.00656168
0.00602653
0.000507666
-1.15026e-05
-0.000541015
-0.000902505
-0.00104001
-0.000928227
-0.000549542
0.000107014
0.00103798
0.00221231
0.00355803
0.00495578
0.00624553
0.00725244
0.00782879
0.00790249
0.00751346
0.00682006
0.00606874
0.00552317
0.00113561
0.000481888
-7.78809e-05
-0.000408777
-0.000532202
-0.000455219
-0.000166333
0.00035219
0.0011116
0.00210064
0.0032691
0.00451721
0.0056986
0.00664267
0.00719621
0.00727389
0.00689648
0.00619235
0.00535776
0.00464543
0.00157916
0.000734697
6.60767e-05
-0.000305362
-0.000470382
-0.000467538
-0.00028988
9.09893e-05
0.000706458
0.00156999
0.00265465
0.00387575
0.00508741
0.00610152
0.00673138
0.0068508
0.00644389
0.00561267
0.00453828
0.00353392
0.00160023
0.000561161
-0.000242057
-0.000694634
-0.000946325
-0.00106043
-0.00102918
-0.000808032
-0.000339291
0.000421852
0.00147775
0.0027619
0.00412572
0.00535087
0.00619351
0.00645545
0.00605557
0.00505826
0.00365003
0.00226017
0.00100304
-0.00021196
-0.00115279
-0.00171318
-0.00209369
-0.00237529
-0.00254366
-0.00253229
-0.00224987
-0.00161035
-0.000569664
0.000836826
0.00246612
0.00406627
0.005315
0.00590283
0.00563612
0.00450608
0.00270385
0.000831405
-0.000378867
-0.00174106
-0.00281492
-0.0035072
-0.00406298
-0.00457565
-0.00502035
-0.00530401
-0.00529401
-0.00484993
-0.00386604
-0.00232241
-0.000332452
0.00182905
0.00374672
0.00495229
0.00506647
0.00393337
0.00171364
-0.000752997
-0.00267791
-0.00415247
-0.00535156
-0.0062001
-0.00698313
-0.00780425
-0.00862743
-0.00933122
-0.00973543
-0.00963069
-0.00882388
-0.00720181
-0.00480615
-0.00190014
0.00101192
0.00325668
0.00416816
0.00331327
0.000725927
-0.00245021
-0.00598234
-0.00752975
-0.00884175
-0.00986633
-0.0109268
-0.0121388
-0.0134592
-0.0147408
-0.0157533
-0.016206
-0.0157906
-0.0142548
-0.0115057
-0.00772897
-0.00347653
0.000350839
0.00268464
0.00261571
-0.000145102
-0.00411469
-0.010327
-0.0119033
-0.0133047
-0.0145064
-0.0158734
-0.0175415
-0.0194695
-0.0214925
-0.0233337
-0.0246148
-0.0248905
-0.0237231
-0.0208125
-0.0161682
-0.0102948
-0.00428347
0.000303067
0.00182314
-0.000669912
-0.00541346
-0.0156923
-0.0172477
-0.01869
-0.0200257
-0.0216753
-0.0238108
-0.0264074
-0.0292951
-0.0321593
-0.0345375
-0.0358382
-0.0354066
-0.0326692
-0.0273456
-0.0197451
-0.0110193
-0.00322825
0.00099618
-0.000426899
-0.00569582
-0.0220195
-0.0234931
-0.02488
-0.0262244
-0.0280366
-0.0305525
-0.0337819
-0.037562
-0.0415517
-0.0452141
-0.0478175
-0.0484854
-0.0463238
-0.0406766
-0.0314846
-0.019735
-0.00783388
0.00044429
0.00133418
-0.00379449
-0.029257
-0.0305583
-0.0317061
-0.0328018
-0.0345156
-0.0371891
-0.0408833
-0.0454485
-0.0505216
-0.0554998
-0.0595248
-0.0615116
-0.0602567
-0.0546775
-0.0442122
-0.0294179
-0.0127253
0.0010296
0.00593046
0.00226251
-0.0374584
-0.0384123
-0.0389775
-0.0393728
-0.0405523
-0.043014
-0.0468746
-0.0519859
-0.0579502
-0.0640934
-0.069439
-0.072716
-0.0724429
-0.0671306
-0.0556668
-0.0379705
-0.0160765
0.00451711
0.0155836
0.0156167
-0.0469832
-0.0471762
-0.0465145
-0.0454896
-0.0455195
-0.0472904
-0.0509429
-0.0562883
-0.0628553
-0.0698712
-0.076229
-0.0804805
-0.0808964
-0.0756353
-0.0630804
-0.0424493
-0.0150134
0.0137516
0.0336718
0.0408061
-0.0588443
-0.0572932
-0.0541962
-0.0506802
-0.0488103
-0.0493904
-0.0524812
-0.0577698
-0.0646434
-0.0721811
-0.0791101
-0.0837875
-0.0842407
-0.078309
-0.0639442
-0.0397323
-0.00601272
0.0325257
0.0646243
0.0833245
-0.0752922
-0.0698432
-0.0619943
-0.0544815
-0.0499293
-0.048918
-0.0512163
-0.056259
-0.0632106
-0.0709395
-0.0779649
-0.0824173
-0.0820572
-0.074382
-0.056901
-0.027595
0.0141676
0.0651581
0.114093
0.149845
-0.103439
-0.0873245
-0.0696055
-0.0560789
-0.0482124
-0.0454605
-0.0469748
-0.051784
-0.0587361
-0.0664514
-0.0732311
-0.0769715
-0.075156
-0.0648874
-0.0430846
-0.00682958
0.0459335
0.114596
0.190876
0.257676
-0.175395
-0.114407
-0.0734417
-0.051899
-0.0412207
-0.0374569
-0.03887
-0.0439855
-0.0512787
-0.0591575
-0.0658015
-0.0689517
-0.0658932
-0.0533856
-0.0276534
0.0156923
0.0817428
0.176328
0.30431
0.451947
-0.355272
-0.154787
-0.0702101
-0.0427667
-0.0313782
-0.0274919
-0.0294108
-0.0352976
-0.0432855
-0.0516373
-0.0584869
-0.061585
-0.0581861
-0.0449255
-0.0174224
0.0302775
0.107666
0.232527
0.433985
0.735126
)
;

boundaryField
{
    movingWall
    {
        type            zeroGradient;
    }
    fixedWalls
    {
        type            zeroGradient;
    }
    frontAndBack
    {
        type            empty;
    }
}


// ************************************************************************* //
