/*--------------------------------*- C++ -*----------------------------------*\
  =========                 |
  \\      /  F ield         | OpenFOAM: The Open Source CFD Toolbox
   \\    /   O peration     | Website:  https://openfoam.org
    \\  /    A nd           | Version:  13
     \\/     M anipulation  |
\*---------------------------------------------------------------------------*/
FoamFile
{
    format      ascii;
    class       volScalarField;
    location    "17";
    object      p;
}
// * * * * * * * * * * * * * * * * * * * * * * * * * * * * * * * * * * * * * //

dimensions      [0 2 -2 0 0 0 0];

internalField   nonuniform List<scalar> 
400
(
1.20052e-08
-0.000456273
-0.000993163
-0.00137841
-0.00150408
-0.00132849
-0.000836046
-2.5817e-05
0.00108508
0.0024508
0.00398563
0.00555902
0.0070038
0.00814055
0.00881737
0.00895631
0.00859196
0.00788842
0.00712554
0.00662278
0.000460181
-1.17427e-05
-0.000477378
-0.000776763
-0.000852729
-0.000682311
-0.000252922
0.000440034
0.00138716
0.00255455
0.003873
0.005233
0.00649045
0.00748842
0.00809273
0.00823372
0.00793906
0.00734246
0.00666347
0.00614984
0.00101786
0.000419735
-7.35439e-05
-0.000348119
-0.000411929
-0.000270603
8.2551e-05
0.000657831
0.00145836
0.00246693
0.00363266
0.00486248
0.00602395
0.00696406
0.00754434
0.00768402
0.0073938
0.0067808
0.00602211
0.00534993
0.00139794
0.000623755
3.36858e-05
-0.00027722
-0.000374283
-0.000291558
-2.77033e-05
0.000435893
0.00111898
0.002025
0.00312264
0.00433162
0.00552005
0.00652017
0.00716493
0.00733793
0.00701666
0.00628395
0.00530683
0.00436317
0.00139183
0.000435568
-0.000275599
-0.00065777
-0.000824524
-0.00083289
-0.000682684
-0.00034266
0.00022853
0.00106035
0.00214586
0.00341967
0.004747
0.00593362
0.00676288
0.00705551
0.00673085
0.0058383
0.00455562
0.00325255
0.000830131
-0.000295017
-0.00113193
-0.0016074
-0.00187731
-0.00201611
-0.00202005
-0.00184032
-0.00140776
-0.000658457
0.000435527
0.00183413
0.00340609
0.00492674
0.00611061
0.006681
0.00645785
0.0054269
0.00377897
0.00202271
-0.00043385
-0.00170617
-0.00266716
-0.00325548
-0.0036662
-0.00398745
-0.00420846
-0.00425873
-0.00403433
-0.00342523
-0.00235132
-0.000805873
0.00110286
0.00312811
0.00490153
0.00600631
0.00609795
0.00503391
0.00299062
0.000670454
-0.00252342
-0.00391604
-0.00499744
-0.00571942
-0.00631557
-0.00688665
-0.00741423
-0.00780407
-0.00791133
-0.00756616
-0.0066125
-0.00496355
-0.00266682
3.77534e-05
0.00270025
0.00471992
0.00549545
0.00463974
0.00223371
-0.000768969
-0.00553191
-0.00701348
-0.00820873
-0.00908337
-0.00991192
-0.0108104
-0.0117561
-0.0126327
-0.0132512
-0.0133695
-0.0127285
-0.0111177
-0.0084664
-0.00494893
-0.00106312
0.00238037
0.00441241
0.00421852
0.00161186
-0.0021673
-0.00951527
-0.0110495
-0.0123433
-0.0133762
-0.0144711
-0.0157672
-0.0172452
-0.0187738
-0.0201221
-0.0209676
-0.0209251
-0.0196128
-0.0167709
-0.0124153
-0.00700826
-0.00154628
0.00253509
0.00374835
0.00133408
-0.00322317
-0.0144898
-0.0160336
-0.0173889
-0.0185498
-0.0199033
-0.0216271
-0.0237185
-0.0260423
-0.0283334
-0.0301904
-0.0310881
-0.0304363
-0.027715
-0.0226667
-0.0155782
-0.00752359
-0.000432919
0.00326746
0.00179063
-0.0033346
-0.0204437
-0.0219406
-0.0232759
-0.0244621
-0.0259839
-0.0280817
-0.0307863
-0.0339711
-0.0373481
-0.0404451
-0.0425992
-0.042999
-0.0408022
-0.0353816
-0.0266724
-0.0156186
-0.00453377
0.00302643
0.0036877
-0.00139777
-0.0273759
-0.0287368
-0.0298854
-0.0308712
-0.0323395
-0.0346301
-0.0378228
-0.0418072
-0.0462793
-0.0507054
-0.0542963
-0.0560251
-0.0547262
-0.0493301
-0.0392667
-0.0250817
-0.00918282
0.003765
0.0082726
0.00449085
-0.0353871
-0.0364341
-0.0370695
-0.0374386
-0.0384573
-0.0406083
-0.0440244
-0.048604
-0.0540186
-0.0596718
-0.0646578
-0.0677558
-0.0675022
-0.0623898
-0.0512682
-0.034045
-0.0127946
0.00705912
0.0176484
0.017412
-0.0448747
-0.0451889
-0.0446807
-0.0437429
-0.0437228
-0.0452702
-0.0485429
-0.0534106
-0.0594873
-0.0660902
-0.0721899
-0.0763848
-0.0769489
-0.071993
-0.059819
-0.03959
-0.0126216
0.0155928
0.0350625
0.0418764
-0.0568759
-0.0554715
-0.0526178
-0.0493131
-0.0475001
-0.0479255
-0.0506748
-0.0555105
-0.0619262
-0.0691036
-0.0758572
-0.0805945
-0.0813435
-0.0758826
-0.062051
-0.0383155
-0.00498345
0.0332267
0.0649989
0.0834714
-0.0736402
-0.0683652
-0.0608365
-0.0536321
-0.0492026
-0.0480575
-0.0500049
-0.0545781
-0.061062
-0.0684411
-0.0753307
-0.0799178
-0.0799688
-0.0729252
-0.0561797
-0.0275447
0.0137691
0.0646428
0.113481
0.149115
-0.102191
-0.0862699
-0.0689067
-0.0557062
-0.0479781
-0.0450801
-0.0462088
-0.0505115
-0.0569688
-0.0643229
-0.0709837
-0.0749027
-0.0735652
-0.0640278
-0.0431025
-0.00771801
0.044442
0.113024
0.189343
0.256219
-0.174383
-0.113537
-0.0731146
-0.0518603
-0.0413202
-0.0374181
-0.0384318
-0.0430239
-0.0498086
-0.0573051
-0.0638284
-0.0671851
-0.0646242
-0.0528508
-0.028015
0.0143487
0.0796097
0.173793
0.301317
0.450037
-0.354273
-0.153937
-0.0697591
-0.0426784
-0.0314568
-0.0274382
-0.028971
-0.0343715
-0.0419124
-0.0499589
-0.0567213
-0.059995
-0.0570362
-0.0444641
-0.0178065
0.0290662
0.105884
0.230528
0.431982
0.733292
)
;

boundaryField
{
    movingWall
    {
        type            zeroGradient;
    }
    fixedWalls
    {
        type            zeroGradient;
    }
    frontAndBack
    {
        type            empty;
    }
}


// ************************************************************************* //
