/*--------------------------------*- C++ -*----------------------------------*\
  =========                 |
  \\      /  F ield         | OpenFOAM: The Open Source CFD Toolbox
   \\    /   O peration     | Website:  https://openfoam.org
    \\  /    A nd           | Version:  13
     \\/     M anipulation  |
\*---------------------------------------------------------------------------*/
FoamFile
{
    format      ascii;
    class       volScalarField;
    location    "6";
    object      p;
}
// * * * * * * * * * * * * * * * * * * * * * * * * * * * * * * * * * * * * * //

dimensions      [0 2 -2 0 0 0 0];

internalField   nonuniform List<scalar> 
400
(
4.3619e-09
-0.000328653
-0.000658355
-0.000803731
-0.000691917
-0.000305573
0.000349161
0.00125288
0.00237423
0.0036675
0.00506965
0.00649901
0.00785758
0.00903911
0.00994235
0.0104899
0.01065
0.010459
0.0100483
0.00966313
0.000333039
-5.79572e-06
-0.000275507
-0.000374103
-0.000247149
0.000117951
0.000717825
0.00153886
0.00255632
0.00373125
0.00500771
0.00631202
0.00755558
0.00864222
0.00948098
0.0100027
0.0101788
0.0100384
0.00969197
0.00929486
0.000677726
0.000239302
-5.18597e-05
-0.000150447
-3.06172e-05
0.00030832
0.00086219
0.00162208
0.00257013
0.00367461
0.0048861
0.00613595
0.00733868
0.00839893
0.00922393
0.00974018
0.00991163
0.00975561
0.00936317
0.00884371
0.000834823
0.000280216
-6.85315e-05
-0.000196036
-9.79328e-05
0.000213834
0.000732909
0.00145463
0.00236839
0.00345011
0.00465641
0.00592155
0.00715832
0.00826428
0.00913446
0.00967954
0.00984684
0.00963977
0.00914603
0.00846898
0.000690392
1.57986e-05
-0.00040538
-0.000577182
-0.000509398
-0.000223933
0.000271684
0.000977814
0.00189195
0.00299839
0.00425989
0.00561206
0.00696222
0.00819399
0.00918036
0.00980471
0.00998811
0.00971805
0.00909167
0.00822572
0.000168194
-0.000627966
-0.00112828
-0.00135185
-0.00131914
-0.00105968
-0.000580313
0.000126206
0.00106748
0.00223829
0.00360929
0.00511807
0.00666484
0.00811399
0.00930666
0.0100854
0.010331
0.0100068
0.00922496
0.00812735
-0.000798437
-0.00172069
-0.0023059
-0.00258682
-0.00259461
-0.0023655
-0.00190372
-0.00119248
-0.000210657
0.00105105
0.00257571
0.00430663
0.00613898
0.00791519
0.00943481
0.010482
0.0108747
0.0105324
0.00957802
0.00818747
-0.00227914
-0.00333643
-0.00401431
-0.00436004
-0.00441857
-0.00423349
-0.00380468
-0.00310247
-0.00208753
-0.000729692
0.000974473
0.0029824
0.0051921
0.00742645
0.00943584
0.0109244
0.0116123
0.0113363
0.0102089
0.00844632
-0.00435432
-0.00555919
-0.00633974
-0.00676097
-0.00688793
-0.00677374
-0.00641255
-0.00575811
-0.00474723
-0.0033205
-0.00144226
0.000873193
0.00354356
0.00638425
0.0090962
0.0112811
0.0125119
0.0124754
0.0112202
0.00900084
-0.00712163
-0.0084874
-0.00938028
-0.00988899
-0.010109
-0.0101068
-0.00986974
-0.00933147
-0.00839916
-0.00697505
-0.00497715
-0.00236667
0.000817676
0.00441271
0.0080864
0.0113245
0.0134923
0.0140207
0.0127842
0.0100502
-0.0107039
-0.0122392
-0.0132468
-0.0138489
-0.0141873
-0.0143477
-0.0143095
-0.0139833
-0.0132421
-0.0119414
-0.00993693
-0.00711188
-0.0034217
0.00104155
0.00595757
0.0107094
0.0144001
0.0160578
0.0151818
0.0119725
-0.0152635
-0.0169613
-0.0180632
-0.0187417
-0.0192096
-0.0195778
-0.0198166
-0.0198109
-0.0193975
-0.0183803
-0.0165398
-0.0136579
-0.00955998
-0.00419418
0.00221453
0.009012
0.0150235
0.0187088
0.0188705
0.0154565
-0.0210321
-0.0228456
-0.0239668
-0.024649
-0.0252127
-0.0258
-0.0263662
-0.0267678
-0.0268065
-0.0262366
-0.0247604
-0.0220358
-0.0177167
-0.0115273
-0.00347257
0.00589767
0.0152086
0.0222257
0.0246159
0.021732
-0.0283767
-0.0301633
-0.0311074
-0.0316024
-0.0321329
-0.0328693
-0.0337378
-0.0345597
-0.0351038
-0.0350822
-0.0341248
-0.0317619
-0.0274456
-0.020608
-0.0108896
0.00148342
0.0151607
0.0272328
0.0337458
0.0329509
-0.03794
-0.0393255
-0.0396351
-0.0395235
-0.0397173
-0.0403898
-0.0414042
-0.0425305
-0.0435026
-0.0439953
-0.0435773
-0.0416598
-0.037484
-0.0301584
-0.0188361
-0.00315756
0.0159438
0.0351762
0.0485922
0.0527475
-0.0509053
-0.0509811
-0.0496397
-0.0480778
-0.0473532
-0.0475519
-0.0483989
-0.0495743
-0.050757
-0.0515729
-0.0515262
-0.0499193
-0.0458001
-0.0379447
-0.0249613
-0.00566983
0.0199307
0.0488424
0.0730889
0.0868682
-0.0695579
-0.0661406
-0.0609052
-0.0563172
-0.0537435
-0.0529004
-0.0532026
-0.0541486
-0.0553046
-0.0562019
-0.0562533
-0.0546482
-0.0502393
-0.0414871
-0.0264536
-0.00297162
0.0304517
0.0722897
0.113223
0.144008
-0.100365
-0.0864821
-0.0720754
-0.0618533
-0.0563923
-0.0541427
-0.05382
-0.0545587
-0.0557111
-0.056656
-0.0566805
-0.0548435
-0.0498026
-0.0396963
-0.0220292
0.00646479
0.0493823
0.108643
0.176562
0.240412
-0.171742
-0.114199
-0.0788722
-0.0603063
-0.052032
-0.0490759
-0.0489038
-0.0501187
-0.0518026
-0.0531889
-0.0534563
-0.051574
-0.0460572
-0.034772
-0.0146505
0.0188176
0.0720935
0.153837
0.267995
0.417341
-0.350778
-0.152771
-0.0736203
-0.0485466
-0.039949
-0.0378825
-0.0390509
-0.0416942
-0.0446953
-0.0472079
-0.0483845
-0.0471651
-0.0420786
-0.0308764
-0.0100736
0.0260979
0.0882159
0.198893
0.392781
0.704651
)
;

boundaryField
{
    movingWall
    {
        type            zeroGradient;
    }
    fixedWalls
    {
        type            zeroGradient;
    }
    frontAndBack
    {
        type            empty;
    }
}


// ************************************************************************* //
