/*--------------------------------*- C++ -*----------------------------------*\
  =========                 |
  \\      /  F ield         | OpenFOAM: The Open Source CFD Toolbox
   \\    /   O peration     | Website:  https://openfoam.org
    \\  /    A nd           | Version:  13
     \\/     M anipulation  |
\*---------------------------------------------------------------------------*/
FoamFile
{
    format      ascii;
    class       volScalarField;
    location    "40";
    object      p;
}
// * * * * * * * * * * * * * * * * * * * * * * * * * * * * * * * * * * * * * //

dimensions      [0 2 -2 0 0 0 0];

internalField   nonuniform List<scalar> 
400
(
-1.8877e-09
-0.000528489
-0.0011731
-0.00167192
-0.00190532
-0.00182401
-0.00140361
-0.000633269
0.000477842
0.00188547
0.00349532
0.00515675
0.00667377
0.00783662
0.00847206
0.00849976
0.00797558
0.00710548
0.00622123
0.00566834
0.000535555
-1.12185e-05
-0.000580337
-0.000978757
-0.00115396
-0.00107916
-0.000733311
-0.000101427
0.000816762
0.00199207
0.00335097
0.0047685
0.00607556
0.0070872
0.00764825
0.00768543
0.0072455
0.00650037
0.00571113
0.00514862
0.0012054
0.000521079
-8.02848e-05
-0.000443968
-0.000604063
-0.000568112
-0.000320902
0.000160084
0.000891209
0.00186502
0.00303183
0.00428815
0.00547969
0.00642596
0.00696555
0.00701063
0.00658767
0.00583672
0.00496285
0.0042301
0.0016864
0.000803899
8.52667e-05
-0.000321646
-0.00052913
-0.000577564
-0.000455304
-0.000127594
0.000444244
0.00127983
0.00235479
0.00358174
0.00480663
0.00582976
0.00645333
0.00654562
0.00609485
0.00521406
0.0040889
0.00305444
0.00172335
0.000640414
-0.000221511
-0.000715637
-0.00102084
-0.00120269
-0.00124704
-0.00110071
-0.00069582
2.16391e-05
0.00105914
0.00234924
0.00373499
0.00498429
0.0058379
0.00608691
0.00565073
0.00460297
0.00312972
0.00169778
0.00110477
-0.000156787
-0.00116344
-0.00177439
-0.00222467
-0.00259691
-0.00286818
-0.0029605
-0.00276891
-0.00219439
-0.00118423
0.000228647
0.0018932
0.00354199
0.00483199
0.00543518
0.0051518
0.00397782
0.00209707
0.00016947
-0.000347106
-0.00175503
-0.00289963
-0.00365443
-0.00430123
-0.00493358
-0.00551551
-0.00593938
-0.00605506
-0.00570448
-0.00476811
-0.00322092
-0.00118002
0.00106339
0.00306744
0.00433506
0.00447024
0.00331302
0.0010057
-0.0015287
-0.00276903
-0.00428482
-0.00555657
-0.00648167
-0.00738069
-0.00835515
-0.00935557
-0.0102429
-0.0108154
-0.0108412
-0.0101078
-0.00849063
-0.00603061
-0.00300526
5.06249e-05
0.00242374
0.00341707
0.00257835
-9.53295e-05
-0.00334882
-0.00624485
-0.00782533
-0.00920787
-0.0103232
-0.0115255
-0.0129257
-0.0144654
-0.015977
-0.017205
-0.0178315
-0.0175233
-0.0160099
-0.0131917
-0.00926323
-0.00480672
-0.000771134
0.00172855
0.00174218
-0.00108584
-0.00513548
-0.0107958
-0.0123935
-0.0138578
-0.0151613
-0.0166921
-0.0185788
-0.0207638
-0.0230596
-0.0251606
-0.0266575
-0.0270757
-0.0259545
-0.0229825
-0.01817
-0.0120458
-0.0057497
-0.000901094
0.00079227
-0.00172414
-0.00653873
-0.0163806
-0.0179428
-0.0194332
-0.0208737
-0.0226986
-0.0250715
-0.0279506
-0.0311408
-0.034296
-0.0369192
-0.0383871
-0.0380189
-0.0352372
-0.0297491
-0.0218808
-0.0128229
-0.00468765
-0.000191405
-0.00156884
-0.00688248
-0.0229145
-0.0243776
-0.0257889
-0.0272279
-0.0292105
-0.0319646
-0.035483
-0.0395753
-0.0438648
-0.0477773
-0.0505504
-0.0512893
-0.0490812
-0.0432807
-0.0338374
-0.0217603
-0.00948393
-0.000862523
0.00015427
-0.00496883
-0.0303189
-0.0315916
-0.0327302
-0.0338927
-0.0357515
-0.0386439
-0.042614
-0.0474806
-0.0528394
-0.0580457
-0.0622099
-0.0642322
-0.0629099
-0.0571769
-0.046492
-0.0314265
-0.0144052
-0.000305167
0.00478764
0.00120168
-0.0386236
-0.0395321
-0.0400456
-0.0404611
-0.0417408
-0.044387
-0.0484988
-0.0538898
-0.0601128
-0.0664454
-0.0718768
-0.0751255
-0.0747247
-0.0692213
-0.0575482
-0.0396511
-0.0175361
0.00331942
0.014595
0.0147876
-0.0481698
-0.0483035
-0.0475411
-0.0464741
-0.0465489
-0.048467
-0.0523489
-0.057957
-0.0647603
-0.0719286
-0.0783156
-0.0824636
-0.0826673
-0.0771395
-0.0643358
-0.0435306
-0.0159737
0.0129291
0.0330208
0.0403262
-0.0599568
-0.0583343
-0.0550841
-0.0514578
-0.0495822
-0.0502862
-0.0536025
-0.0591552
-0.0662612
-0.073932
-0.0808503
-0.0853621
-0.0855221
-0.0792333
-0.0645374
-0.0401064
-0.00629256
0.0322805
0.0644728
0.0832622
-0.0762322
-0.0706927
-0.0626449
-0.054966
-0.0503806
-0.0494975
-0.052042
-0.0573726
-0.0645716
-0.0724344
-0.079433
-0.0836862
-0.0829801
-0.0748748
-0.0569738
-0.0273601
0.0145352
0.0654612
0.11436
0.150158
-0.104149
-0.0879219
-0.0699782
-0.0562706
-0.0483719
-0.0457705
-0.047563
-0.0526884
-0.0599074
-0.0677639
-0.0745113
-0.0780412
-0.075864
-0.0651358
-0.0428639
-0.00622517
0.0467269
0.115296
0.191457
0.258265
-0.175959
-0.114876
-0.0736077
-0.0518926
-0.0411839
-0.0375711
-0.0392694
-0.0447079
-0.0522798
-0.0603177
-0.066939
-0.069892
-0.0664975
-0.0535752
-0.0273963
0.01638
0.0827001
0.177344
0.30539
0.452658
-0.35583
-0.15524
-0.0704261
-0.0427821
-0.0313515
-0.0275985
-0.029768
-0.0359405
-0.0441769
-0.0526801
-0.0595385
-0.0624916
-0.0588107
-0.0451636
-0.017254
0.030792
0.108396
0.233329
0.434777
0.735845
)
;

boundaryField
{
    movingWall
    {
        type            zeroGradient;
    }
    fixedWalls
    {
        type            zeroGradient;
    }
    frontAndBack
    {
        type            empty;
    }
}


// ************************************************************************* //
