/*--------------------------------*- C++ -*----------------------------------*\
  =========                 |
  \\      /  F ield         | OpenFOAM: The Open Source CFD Toolbox
   \\    /   O peration     | Website:  https://openfoam.org
    \\  /    A nd           | Version:  13
     \\/     M anipulation  |
\*---------------------------------------------------------------------------*/
FoamFile
{
    format      ascii;
    class       volScalarField;
    location    "20";
    object      p;
}
// * * * * * * * * * * * * * * * * * * * * * * * * * * * * * * * * * * * * * //

dimensions      [0 2 -2 0 0 0 0];

internalField   nonuniform List<scalar> 
400
(
9.91187e-07
-0.000571272
-0.00121464
-0.00171728
-0.00195738
-0.00188265
-0.00146829
-0.000703238
0.000403619
0.00180825
0.0034169
0.00507712
0.00659309
0.00775315
0.00838196
0.008398
0.00785798
0.00697183
0.00605113
0.00549754
0.000570819
-1.92878e-05
-0.000568474
-0.000955634
-0.0011304
-0.00106015
-0.000723952
-0.000107066
0.00079104
0.00194176
0.00327208
0.00466238
0.00594293
0.00693207
0.00747662
0.00750435
0.00706202
0.00632187
0.00554645
0.00497591
0.00124635
0.000493821
-8.56776e-05
-0.000440124
-0.000604695
-0.000574602
-0.000335345
0.000134744
0.000852014
0.00180931
0.00295732
0.00419426
0.0053669
0.00629631
0.00682184
0.00685566
0.00642373
0.00567138
0.0048123
0.00404066
0.00174103
0.000764385
7.45808e-05
-0.000320798
-0.000535723
-0.00059105
-0.000476237
-0.000157862
0.000402574
0.0012248
0.00228449
0.00349569
0.00470452
0.00571254
0.00632226
0.00640115
0.00593671
0.00505399
0.00395203
0.00284821
0.00179582
0.000596373
-0.000226797
-0.000703662
-0.00101666
-0.00120537
-0.00125709
-0.00112032
-0.00072747
-2.45526e-05
0.000995153
0.00226702
0.00363344
0.00486455
0.00570196
0.00593567
0.0054839
0.00443921
0.00300389
0.00146626
0.00119512
-0.000202261
-0.00116223
-0.00175134
-0.00220964
-0.0025884
-0.00286645
-0.00296784
-0.00278809
-0.00222876
-0.00123975
0.000154871
0.00179709
0.00342391
0.00469414
0.00527858
0.00497581
0.00380977
0.00198336
-9.94339e-05
-0.000240896
-0.00179901
-0.00289084
-0.00362043
-0.0042754
-0.00491369
-0.00550142
-0.00593318
-0.00605958
-0.00572301
-0.00480123
-0.00327951
-0.00126486
0.000951859
0.00293111
0.00417442
0.00428372
0.00314008
0.000907394
-0.00185115
-0.00265064
-0.00432472
-0.00553926
-0.00643684
-0.00734403
-0.00832385
-0.00932912
-0.0102231
-0.0108048
-0.0108434
-0.0101262
-0.00853165
-0.00609999
-0.00310565
-8.03876e-05
0.00226056
0.00321782
0.00240036
-0.000172113
-0.00374735
-0.00611924
-0.00785931
-0.00918198
-0.0102685
-0.011479
-0.0128843
-0.0144283
-0.0159458
-0.0171815
-0.0178188
-0.0175261
-0.0160335
-0.0132442
-0.0093492
-0.00492853
-0.000934727
0.00151411
0.00156027
-0.00113142
-0.00564074
-0.0106684
-0.0124204
-0.0138238
-0.0150978
-0.0166371
-0.0185296
-0.0207197
-0.0230218
-0.0251307
-0.0266386
-0.0270731
-0.0259665
-0.0230235
-0.0182441
-0.0121587
-0.0059142
-0.00113532
0.000609351
-0.00172523
-0.00718873
-0.0162563
-0.0179611
-0.0193912
-0.020801
-0.0226354
-0.0250161
-0.0279027
-0.0311015
-0.0342664
-0.0369019
-0.0383828
-0.0379936
-0.0352719
-0.0298222
-0.0219949
-0.0129974
-0.004952
-0.000368687
-0.00150957
-0.00771412
-0.0227977
-0.0243849
-0.0257373
-0.0271425
-0.0291367
-0.0319026
-0.035433
-0.0395386
-0.0438429
-0.0477718
-0.0505668
-0.0513646
-0.0491508
-0.0433822
-0.0339781
-0.0219682
-0.00979769
-0.00101762
0.000286545
-0.00599362
-0.0302165
-0.0315804
-0.0326636
-0.0337856
-0.0356609
-0.0385715
-0.0425593
-0.047444
-0.0528221
-0.0580497
-0.0622378
-0.0642977
-0.06301
-0.0573207
-0.0466827
-0.0316959
-0.0147932
-0.000410185
0.00497174
2.85755e-05
-0.0385533
-0.0394831
-0.039955
-0.0403205
-0.0416278
-0.0443013
-0.0484361
-0.0538486
-0.0600941
-0.0664531
-0.071917
-0.0752096
-0.0748594
-0.0694116
-0.0577984
-0.0399946
-0.0180166
0.00328543
0.0147038
0.0135604
-0.0481679
-0.0481505
-0.0473974
-0.0462781
-0.0464055
-0.0483638
-0.0522728
-0.0579032
-0.0647285
-0.071924
-0.0783494
-0.0825508
-0.082823
-0.0773661
-0.0646389
-0.0439317
-0.0165389
0.013023
0.0329348
0.039284
-0.0602284
-0.0579516
-0.0548617
-0.0512082
-0.0494217
-0.0501721
-0.0535128
-0.0590849
-0.0662103
-0.0739085
-0.0808695
-0.0854444
-0.0856995
-0.0795141
-0.0649378
-0.0406084
-0.00697674
0.0328187
0.0647956
0.0836783
-0.0774757
-0.0694681
-0.0620831
-0.0545456
-0.050135
-0.0493202
-0.0518983
-0.0572535
-0.0644776
-0.0723759
-0.0794311
-0.0837706
-0.0832123
-0.0752788
-0.0576191
-0.0282104
0.0133524
0.0666609
0.115752
0.154807
-0.108921
-0.0850362
-0.0697704
-0.0563893
-0.0485386
-0.0458777
-0.0476194
-0.0527086
-0.0599096
-0.0677689
-0.0745444
-0.0781331
-0.076099
-0.0655392
-0.0436419
-0.00744534
0.0447418
0.114931
0.188077
0.263279
-0.16869
-0.100743
-0.0730913
-0.052287
-0.0413089
-0.0376974
-0.0394382
-0.04486
-0.052409
-0.0604395
-0.0670666
-0.0700414
-0.0666826
-0.0537853
-0.0278887
0.0154094
0.08007
0.172758
0.285853
0.445984
-0.402751
-0.139028
-0.0734577
-0.0447294
-0.030571
-0.0266158
-0.0290823
-0.0353686
-0.0436479
-0.0522004
-0.059117
-0.0621392
-0.0586124
-0.0452107
-0.0174493
0.0310786
0.108494
0.236655
0.427486
0.793678
)
;

boundaryField
{
    movingWall
    {
        type            zeroGradient;
    }
    fixedWalls
    {
        type            zeroGradient;
    }
    frontAndBack
    {
        type            empty;
    }
}


// ************************************************************************* //
