/*--------------------------------*- C++ -*----------------------------------*\
  =========                 |
  \\      /  F ield         | OpenFOAM: The Open Source CFD Toolbox
   \\    /   O peration     | Website:  https://openfoam.org
    \\  /    A nd           | Version:  13
     \\/     M anipulation  |
\*---------------------------------------------------------------------------*/
FoamFile
{
    format      ascii;
    class       volScalarField;
    location    "25";
    object      p;
}
// * * * * * * * * * * * * * * * * * * * * * * * * * * * * * * * * * * * * * //

dimensions      [0 2 -2 0 0 0 0];

internalField   nonuniform List<scalar> 
400
(
8.72961e-07
-0.000571545
-0.00121513
-0.00171795
-0.00195824
-0.00188372
-0.00146953
-0.000704561
0.000402289
0.00180696
0.00341567
0.00507597
0.006592
0.00775206
0.00838078
0.00839663
0.00785637
0.00696996
0.00604909
0.00549542
0.000570805
-1.94366e-05
-0.000568831
-0.000956176
-0.0011311
-0.00106101
-0.000725013
-0.000108285
0.00078974
0.00194044
0.00327078
0.00466111
0.00594168
0.00693079
0.00747524
0.00750281
0.00706026
0.00631991
0.00554435
0.00497373
0.00124653
0.000493855
-8.58502e-05
-0.000440516
-0.000605277
-0.000575365
-0.000336316
0.000133561
0.00085067
0.00180788
0.00295585
0.0041928
0.00536545
0.00629483
0.00682028
0.00685395
0.00642182
0.00566928
0.00481004
0.0040383
0.00174138
0.00076454
7.45464e-05
-0.000321067
-0.00053625
-0.000591828
-0.000477274
-0.000159166
0.000401039
0.00122311
0.00228272
0.00349392
0.00470276
0.00571079
0.00632046
0.00639923
0.00593461
0.00505169
0.00394955
0.00284559
0.00179626
0.000596543
-0.000226822
-0.000703921
-0.00101723
-0.0012063
-0.00125838
-0.00112197
-0.000729426
-2.67313e-05
0.000992865
0.00226472
0.00363119
0.00486237
0.0056998
0.00593345
0.00548155
0.00443665
0.00300112
0.0014633
0.00119553
-0.000202197
-0.00116241
-0.00175177
-0.00221045
-0.00258967
-0.00286822
-0.00297009
-0.00279076
-0.00223172
-0.00124284
0.000151751
0.00179407
0.00342104
0.00469142
0.00527592
0.0049731
0.00380689
0.00198025
-0.000102789
-0.000240732
-0.00179921
-0.00289134
-0.00362125
-0.00427667
-0.00491555
-0.00550392
-0.00593631
-0.00606327
-0.0057271
-0.00480555
-0.0032838
-0.00126899
0.000948017
0.00292758
0.00417113
0.00428052
0.00313681
0.000903895
-0.00185494
-0.00265099
-0.00432537
-0.00554026
-0.00643824
-0.007346
-0.00832653
-0.0093326
-0.0102274
-0.0108098
-0.0108489
-0.010132
-0.00853745
-0.00610554
-0.00311078
-8.50113e-05
0.0022564
0.00321398
0.0023966
-0.000176034
-0.00375159
-0.00612033
-0.00786063
-0.00918364
-0.0102707
-0.0114818
-0.012888
-0.014433
-0.0159514
-0.017188
-0.0178259
-0.0175336
-0.016041
-0.0132514
-0.00935586
-0.00493447
-0.000939933
0.00150949
0.00155596
-0.00113577
-0.00564539
-0.0106704
-0.0124225
-0.0138263
-0.0151008
-0.0166409
-0.0185343
-0.0207256
-0.0230288
-0.0251386
-0.0266473
-0.0270822
-0.0259756
-0.0230323
-0.0182523
-0.012166
-0.00592054
-0.00114078
0.000604461
-0.00172997
-0.0071937
-0.0162593
-0.0179641
-0.0193944
-0.0208048
-0.0226401
-0.0250218
-0.0279096
-0.0311097
-0.0342756
-0.0369118
-0.0383932
-0.0380046
-0.0352821
-0.0298316
-0.0220033
-0.0130047
-0.00495823
-0.000374079
-0.00151458
-0.00771922
-0.0228016
-0.0243887
-0.0257413
-0.027147
-0.029142
-0.031909
-0.0354406
-0.0395475
-0.0438529
-0.0477825
-0.0505778
-0.0513751
-0.0491613
-0.043392
-0.033987
-0.0219759
-0.00980431
-0.00102326
0.00028149
-0.00599857
-0.0302211
-0.0315848
-0.0326682
-0.0337905
-0.0356665
-0.0385782
-0.0425672
-0.0474531
-0.0528322
-0.0580605
-0.0622489
-0.0643085
-0.0630202
-0.0573301
-0.046691
-0.0317032
-0.0147995
-0.000415592
0.00496701
2.41746e-05
-0.0385585
-0.039488
-0.0399598
-0.0403254
-0.0416334
-0.0443079
-0.0484438
-0.0538574
-0.0601039
-0.0664633
-0.0719274
-0.0752195
-0.0748684
-0.0694196
-0.0578053
-0.0400005
-0.0180218
0.00328093
0.0146999
0.013557
-0.0481732
-0.0481555
-0.047402
-0.0462827
-0.0464106
-0.0483697
-0.0522798
-0.0579113
-0.0647375
-0.0719334
-0.0783587
-0.0825594
-0.0828305
-0.0773722
-0.0646438
-0.0439356
-0.0165422
0.0130201
0.0329322
0.0392819
-0.0602335
-0.0579563
-0.0548658
-0.0512121
-0.0494258
-0.050177
-0.0535188
-0.059092
-0.0662183
-0.0739169
-0.0808776
-0.0854517
-0.0857054
-0.0795185
-0.0649407
-0.0406102
-0.00697786
0.0328178
0.0647947
0.0836777
-0.07748
-0.0694719
-0.0620862
-0.0545483
-0.0501378
-0.0493238
-0.051903
-0.0572595
-0.0644845
-0.0723833
-0.0794383
-0.0837768
-0.083217
-0.0752818
-0.0576204
-0.0282104
0.0133532
0.0666618
0.115753
0.154808
-0.108924
-0.0850389
-0.0697723
-0.0563906
-0.04854
-0.04588
-0.047623
-0.0527136
-0.0599156
-0.0677754
-0.0745508
-0.0781386
-0.0761031
-0.0655415
-0.0436423
-0.00744432
0.0447438
0.114933
0.188079
0.263281
-0.168692
-0.100745
-0.0730922
-0.0522873
-0.0413093
-0.0376987
-0.0394408
-0.0448641
-0.0524143
-0.0604454
-0.0670724
-0.0700464
-0.0666862
-0.0537873
-0.0278889
0.0154106
0.0800722
0.172761
0.285855
0.445986
-0.402753
-0.13903
-0.0734582
-0.0447293
-0.0305709
-0.0266166
-0.0290845
-0.0353722
-0.0436527
-0.0522059
-0.0591225
-0.0621442
-0.0586162
-0.0452129
-0.0174499
0.0310794
0.108496
0.236657
0.427488
0.79368
)
;

boundaryField
{
    movingWall
    {
        type            zeroGradient;
    }
    fixedWalls
    {
        type            zeroGradient;
    }
    frontAndBack
    {
        type            empty;
    }
}


// ************************************************************************* //
