/*--------------------------------*- C++ -*----------------------------------*\
  =========                 |
  \\      /  F ield         | OpenFOAM: The Open Source CFD Toolbox
   \\    /   O peration     | Website:  https://openfoam.org
    \\  /    A nd           | Version:  13
     \\/     M anipulation  |
\*---------------------------------------------------------------------------*/
FoamFile
{
    format      ascii;
    class       volScalarField;
    location    "10";
    object      p;
}
// * * * * * * * * * * * * * * * * * * * * * * * * * * * * * * * * * * * * * //

dimensions      [0 2 -2 0 0 0 0];

internalField   nonuniform List<scalar> 
400
(
-3.08288e-09
-0.000375258
-0.000788391
-0.00103976
-0.00104044
-0.000759602
-0.000191812
0.000653199
0.00175016
0.00305275
0.00448726
0.00594997
0.007312
0.0084347
0.00919512
0.0095179
0.00940533
0.00895702
0.00837576
0.00793848
0.000376114
-1.06413e-05
-0.000361219
-0.000546188
-0.0005111
-0.000238419
0.000275942
0.00102646
0.00199469
0.00314328
0.00441001
0.00570543
0.00691706
0.0079232
0.00861569
0.00892779
0.00885886
0.0084877
0.00797439
0.00752471
0.000805297
0.000311748
-6.19128e-05
-0.000233499
-0.000193073
5.65106e-05
0.000515288
0.00118242
0.0020486
0.00308779
0.00424945
0.00545438
0.00659735
0.00755934
0.0082298
0.00853479
0.0084616
0.00806994
0.00749105
0.00690441
0.001063
0.000426789
-2.14474e-05
-0.000223122
-0.000205333
8.2222e-06
0.000412761
0.00101274
0.0018098
0.00279103
0.00391793
0.00511877
0.006288
0.00729659
0.00801486
0.00834413
0.00824692
0.00776401
0.00702252
0.0062204
0.000996288
0.000209309
-0.000333766
-0.000590206
-0.000616202
-0.000452542
-0.000106474
0.000434027
0.00118416
0.00214685
0.00329768
0.0045722
0.0058606
0.00701448
0.0078699
0.00828478
0.00818047
0.00757424
0.00660744
0.00552467
0.00048702
-0.000447198
-0.00109172
-0.00141692
-0.00150412
-0.00140772
-0.00113432
-0.000661087
4.46693e-05
0.0010067
0.00222024
0.00363295
0.00513242
0.00654581
0.00766063
0.00826808
0.00822194
0.00749829
0.00625896
0.00482072
-0.000569082
-0.00164333
-0.00239222
-0.00279757
-0.00296568
-0.00296283
-0.00279248
-0.00241746
-0.00178245
-0.000835108
0.000450035
0.00204489
0.00384422
0.00565286
0.00719757
0.00817301
0.00832232
0.00753998
0.00599572
0.00410726
-0.00226896
-0.00347491
-0.00433127
-0.00482998
-0.00510558
-0.00523678
-0.0052228
-0.00500935
-0.00451263
-0.00364124
-0.00232313
-0.000541236
0.00162917
0.00398557
0.00618957
0.00780489
0.00839906
0.00770817
0.00586328
0.00341372
-0.00470384
-0.00603156
-0.00699853
-0.00760567
-0.00802276
-0.00834439
-0.00856668
-0.00861708
-0.00837821
-0.00770776
-0.00646575
-0.00455856
-0.00199257
0.00105872
0.00420644
0.00685411
0.00830685
0.00801373
0.00595883
0.0028434
-0.00795918
-0.00939461
-0.010471
-0.0111976
-0.0117911
-0.0123694
-0.0129295
-0.0133824
-0.0135744
-0.0133018
-0.0123338
-0.0104581
-0.0075591
-0.00371489
0.000684547
0.00487901
0.00781665
0.00847002
0.00646718
0.00263896
-0.012116
-0.0136361
-0.0148061
-0.0156438
-0.0164327
-0.0173255
-0.0183279
-0.0193392
-0.0201709
-0.0205516
-0.020139
-0.0185608
-0.0155157
-0.0108881
-0.00497271
0.00135951
0.00663461
0.00911283
0.00771915
0.00329028
-0.0172601
-0.0188227
-0.0200346
-0.0209277
-0.0218837
-0.0231079
-0.0246245
-0.0263281
-0.0280003
-0.0293021
-0.0297698
-0.0288459
-0.0259579
-0.0207089
-0.0131477
-0.00411628
0.00451584
0.0100746
0.0102918
0.00571371
-0.023511
-0.0250313
-0.0261579
-0.0269559
-0.0279574
-0.0294442
-0.0314667
-0.0339193
-0.0365585
-0.0389826
-0.0406078
-0.0406751
-0.0383179
-0.0327517
-0.0236157
-0.0114938
0.00153344
0.0117666
0.0151825
0.0115339
-0.0310956
-0.0323884
-0.0331504
-0.0335355
-0.0343117
-0.0358599
-0.0382545
-0.0413837
-0.0449756
-0.048568
-0.0514658
-0.0527202
-0.0511721
-0.0456077
-0.0351245
-0.0197754
-0.00148137
0.0152198
0.0240987
0.0234735
-0.040518
-0.0411503
-0.0409689
-0.040353
-0.0404286
-0.0416779
-0.0441686
-0.0477537
-0.0521113
-0.0567082
-0.0607427
-0.0630968
-0.0623478
-0.0568807
-0.0452091
-0.0266359
-0.00243477
0.0225778
0.0398828
0.0457418
-0.0528666
-0.0518462
-0.0495613
-0.0469456
-0.0456123
-0.0460634
-0.0482693
-0.0519824
-0.0567834
-0.0620339
-0.066812
-0.0698395
-0.0694661
-0.0637225
-0.0505902
-0.0285395
0.00224922
0.0375503
0.0670017
0.0841303
-0.0703649
-0.0655149
-0.0587852
-0.0525819
-0.04894
-0.0480581
-0.0496096
-0.0531368
-0.0580462
-0.0635411
-0.0685452
-0.0716082
-0.0708506
-0.0639724
-0.0484622
-0.0219524
0.0167869
0.0651752
0.112022
0.146519
-0.0997497
-0.0842557
-0.0678168
-0.0556963
-0.0489109
-0.0464135
-0.0472176
-0.0504939
-0.0553883
-0.0608938
-0.0657792
-0.0683994
-0.0666115
-0.0577493
-0.0387167
-0.00620954
0.0428723
0.109151
0.183719
0.250327
-0.171982
-0.11161
-0.0727876
-0.0524491
-0.0428725
-0.039492
-0.0402503
-0.043846
-0.0491148
-0.0548345
-0.0596985
-0.0620021
-0.059328
-0.0486478
-0.0262158
0.0126106
0.0739766
0.164975
0.28919
0.440589
-0.351854
-0.151529
-0.068439
-0.0422187
-0.0321317
-0.0288946
-0.030332
-0.0348678
-0.041074
-0.0476052
-0.0530214
-0.0555414
-0.0527677
-0.0415891
-0.0176701
0.0254035
0.0982169
0.220463
0.421831
0.725529
)
;

boundaryField
{
    movingWall
    {
        type            zeroGradient;
    }
    fixedWalls
    {
        type            zeroGradient;
    }
    frontAndBack
    {
        type            empty;
    }
}


// ************************************************************************* //
