/*--------------------------------*- C++ -*----------------------------------*\
  =========                 |
  \\      /  F ield         | OpenFOAM: The Open Source CFD Toolbox
   \\    /   O peration     | Website:  https://openfoam.org
    \\  /    A nd           | Version:  13
     \\/     M anipulation  |
\*---------------------------------------------------------------------------*/
FoamFile
{
    format      ascii;
    class       volScalarField;
    location    "18";
    object      p;
}
// * * * * * * * * * * * * * * * * * * * * * * * * * * * * * * * * * * * * * //

dimensions      [0 2 -2 0 0 0 0];

internalField   nonuniform List<scalar> 
400
(
4.17175e-07
-0.000571695
-0.00121472
-0.00171701
-0.00195677
-0.00188175
-0.00146714
-0.000701929
0.000404979
0.00180956
0.00341809
0.00507817
0.00659403
0.00775409
0.00838305
0.00839939
0.00785978
0.00697404
0.00605361
0.00550014
0.000569982
-1.99157e-05
-0.000568806
-0.00095565
-0.0011301
-0.00105953
-0.000723052
-0.000105933
0.000792327
0.0019431
0.0032734
0.00466364
0.00594416
0.00693334
0.00747803
0.00750602
0.00706403
0.00632423
0.00554905
0.00497863
0.00124517
0.000492929
-8.62705e-05
-0.000440406
-0.000604634
-0.000574183
-0.000334574
0.000135842
0.000853375
0.00181084
0.0029589
0.00419584
0.00536846
0.00629791
0.00682358
0.00685763
0.00642601
0.00567398
0.00481516
0.00404366
0.00173953
0.000763264
7.38009e-05
-0.000321242
-0.000535772
-0.00059065
-0.000475368
-0.000156545
0.000404271
0.00122676
0.00228657
0.00349779
0.00470659
0.0057146
0.0063244
0.00640348
0.00593932
0.00505692
0.00395526
0.00285167
0.00179413
0.000595156
-0.000227614
-0.000704091
-0.0010166
-0.00120473
-0.00125582
-0.00111844
-0.000725061
-2.17669e-05
0.000998128
0.00227002
0.00363635
0.00486735
0.00570471
0.0059385
0.00548695
0.00444257
0.0030076
0.00147028
0.00119353
-0.000203338
-0.00116285
-0.00175149
-0.00220918
-0.00258717
-0.00286438
-0.00296496
-0.0027845
-0.00222466
-0.00123542
0.000159254
0.0018013
0.00342784
0.00469783
0.00528216
0.00497947
0.00381368
0.00198764
-9.47524e-05
-0.000242033
-0.00179963
-0.00289096
-0.00361997
-0.00427416
-0.00491148
-0.00549813
-0.00592881
-0.00605428
-0.00571704
-0.00479485
-0.00327315
-0.0012588
0.000957438
0.00293616
0.00417906
0.00428818
0.00314466
0.000912328
-0.00184575
-0.00265094
-0.00432454
-0.00553855
-0.00643543
-0.00734167
-0.00832028
-0.00932419
-0.0102168
-0.0107973
-0.0108351
-0.0101174
-0.00852279
-0.00609152
-0.0030979
-7.35104e-05
0.00226662
0.00322335
0.00240574
-0.000166469
-0.0037412
-0.00611834
-0.00785801
-0.00918014
-0.0102659
-0.0114752
-0.0128791
-0.0144215
-0.0159373
-0.0171716
-0.0178078
-0.0175145
-0.0160218
-0.013233
-0.0093389
-0.00491944
-0.000926895
0.00152094
0.00156657
-0.00112506
-0.00563389
-0.010666
-0.0124177
-0.0138207
-0.0150938
-0.0166318
-0.0185226
-0.0207109
-0.0230111
-0.0251183
-0.026625
-0.0270588
-0.025952
-0.0230096
-0.0182312
-0.0121474
-0.00590447
-0.00112707
0.000616608
-0.00171823
-0.00718137
-0.0162524
-0.017957
-0.0193867
-0.0207956
-0.0226286
-0.0250075
-0.0278921
-0.0310889
-0.0342519
-0.0368861
-0.0383662
-0.037976
-0.0352557
-0.0298073
-0.0219817
-0.0129861
-0.0049425
-0.000360602
-0.00150213
-0.00770654
-0.0227923
-0.0243795
-0.0257316
-0.027136
-0.0291287
-0.0318928
-0.0354212
-0.0395247
-0.0438272
-0.0477548
-0.0505492
-0.051348
-0.0491341
-0.0433667
-0.0339643
-0.0219562
-0.00978757
-0.00100914
0.000294037
-0.00598633
-0.0302098
-0.0315739
-0.0326571
-0.0337784
-0.0356524
-0.0385613
-0.042547
-0.0474296
-0.0528061
-0.0580326
-0.0622202
-0.0642805
-0.0629939
-0.0573061
-0.0466696
-0.0316846
-0.0147836
-0.000402116
0.00497868
3.49491e-05
-0.0385458
-0.039476
-0.0399481
-0.0403131
-0.0416194
-0.0442914
-0.0484242
-0.0538348
-0.0600788
-0.0664368
-0.0719007
-0.0751941
-0.0748453
-0.0693992
-0.0577878
-0.0399855
-0.0180089
0.00329197
0.0147094
0.0135652
-0.0481601
-0.0481434
-0.0473907
-0.0462713
-0.046398
-0.0483549
-0.0522621
-0.0578906
-0.0647145
-0.0719093
-0.0783349
-0.0825375
-0.0828115
-0.0773568
-0.0646317
-0.0439261
-0.0165343
0.0130269
0.0329381
0.0392865
-0.060221
-0.0579451
-0.0548559
-0.0512028
-0.0494159
-0.050165
-0.0535038
-0.059074
-0.0661979
-0.0738955
-0.0808569
-0.0854333
-0.0856905
-0.0795078
-0.064934
-0.0406065
-0.00697587
0.0328193
0.064796
0.0836782
-0.0774694
-0.0694628
-0.0620789
-0.0545421
-0.0501313
-0.0493152
-0.0518913
-0.0572444
-0.0644669
-0.0723645
-0.0794202
-0.0837612
-0.0832054
-0.0752748
-0.0576179
-0.0282115
0.01335
0.0666584
0.11575
0.154805
-0.108917
-0.0850328
-0.0697684
-0.0563881
-0.0485372
-0.0458749
-0.0476144
-0.0527014
-0.0599005
-0.0677589
-0.0745348
-0.078125
-0.0760934
-0.0655366
-0.0436422
-0.00744809
0.0447376
0.114926
0.188072
0.263275
-0.168687
-0.100741
-0.0730911
-0.0522877
-0.0413093
-0.0376962
-0.0394347
-0.0448541
-0.0524013
-0.0604307
-0.0670579
-0.0700341
-0.0666777
-0.053783
-0.0278892
0.0154064
0.0800654
0.172753
0.285847
0.445978
-0.402748
-0.139027
-0.0734578
-0.0447307
-0.0305721
-0.0266154
-0.0290798
-0.0353637
-0.0436409
-0.0521923
-0.0591087
-0.062132
-0.0586071
-0.0452081
-0.0174494
0.0310762
0.10849
0.23665
0.42748
0.793673
)
;

boundaryField
{
    movingWall
    {
        type            zeroGradient;
    }
    fixedWalls
    {
        type            zeroGradient;
    }
    frontAndBack
    {
        type            empty;
    }
}


// ************************************************************************* //
