/*--------------------------------*- C++ -*----------------------------------*\
  =========                 |
  \\      /  F ield         | OpenFOAM: The Open Source CFD Toolbox
   \\    /   O peration     | Website:  https://openfoam.org
    \\  /    A nd           | Version:  13
     \\/     M anipulation  |
\*---------------------------------------------------------------------------*/
FoamFile
{
    format      ascii;
    class       volScalarField;
    location    "31";
    object      p;
}
// * * * * * * * * * * * * * * * * * * * * * * * * * * * * * * * * * * * * * //

dimensions      [0 2 -2 0 0 0 0];

internalField   nonuniform List<scalar> 
400
(
-9.38958e-10
-0.000520643
-0.00115331
-0.00163954
-0.00186076
-0.0017685
-0.00133942
-0.000563772
0.000548389
0.00195263
0.00355554
0.0052086
0.00671879
0.00787945
0.00851942
0.00855851
0.0080504
0.00719701
0.00632436
0.00577658
0.000527309
-1.1296e-05
-0.000568347
-0.000955799
-0.00111964
-0.0010336
-0.000677711
-3.81842e-05
0.000884126
0.00205946
0.00341473
0.00482665
0.00612879
0.00713917
0.0077048
0.00775268
0.0073276
0.0065975
0.00581917
0.00526154
0.0011847
0.000509104
-7.95109e-05
-0.000433621
-0.00058269
-0.000534234
-0.000274271
0.000218288
0.000958256
0.00193702
0.00310471
0.00435893
0.00554773
0.0064935
0.0070372
0.00709174
0.00668191
0.00594431
0.0050817
0.00435472
0.00165454
0.000782852
7.97365e-05
-0.000316804
-0.000511453
-0.000544235
-0.000405094
-6.11829e-05
0.000523975
0.00136815
0.0024462
0.0036716
0.00489271
0.00591321
0.00653858
0.00663871
0.00620059
0.0053339
0.00422344
0.00319746
0.00168669
0.00061612
-0.00022755
-0.000709507
-0.000998503
-0.00115969
-0.0011811
-0.00101211
-0.000587935
0.000142677
0.0011857
0.00247419
0.00385353
0.00509567
0.00594591
0.00619855
0.00577272
0.0047391
0.0032847
0.00186454
0.00107435
-0.000174184
-0.00116041
-0.00175649
-0.00218562
-0.00253031
-0.00277047
-0.00283158
-0.00261277
-0.00201893
-0.000999989
0.000411257
0.00206542
0.00369977
0.0049774
0.00557584
0.00529694
0.00413491
0.00227688
0.000364642
-0.000356845
-0.00175204
-0.00287478
-0.00361106
-0.00423029
-0.00482639
-0.00536704
-0.00574897
-0.00582728
-0.00544906
-0.00449857
-0.00295296
-0.00092735
0.0012917
0.00327003
0.00451916
0.00464773
0.00349644
0.00121438
-0.00130121
-0.00274242
-0.00424674
-0.00549618
-0.00639845
-0.00726239
-0.00819063
-0.00913801
-0.00997079
-0.0104937
-0.0104813
-0.00972687
-0.00810893
-0.00566842
-0.00267861
0.000334652
0.00266994
0.00363899
0.00279435
0.000145451
-0.00308663
-0.0061676
-0.00773881
-0.00909989
-0.0101881
-0.0113475
-0.0126913
-0.0141657
-0.0156094
-0.0167744
-0.0173506
-0.0170122
-0.0154935
-0.0126967
-0.00881349
-0.00441713
-0.000442333
0.00200904
0.00199757
-0.000811415
-0.00483912
-0.0106577
-0.0122493
-0.0136947
-0.0149676
-0.0164492
-0.0182707
-0.0203796
-0.0225953
-0.0246209
-0.0260561
-0.0264348
-0.0253027
-0.0223504
-0.0175879
-0.011537
-0.00532314
-0.00054987
0.00109254
-0.00141795
-0.00621361
-0.0161779
-0.017738
-0.0192143
-0.0206232
-0.0223956
-0.0246979
-0.0274938
-0.0305957
-0.0336671
-0.0362213
-0.037644
-0.0372623
-0.0344953
-0.0290561
-0.0212652
-0.0123019
-0.00426449
0.000153215
-0.00123866
-0.00654125
-0.0226512
-0.0241169
-0.0255216
-0.026932
-0.0288636
-0.031547
-0.0349804
-0.0389819
-0.0431859
-0.0470291
-0.0497575
-0.0504801
-0.0482907
-0.0425368
-0.0331658
-0.0211808
-0.00900973
-0.00048579
0.000493318
-0.00463285
-0.0300067
-0.031287
-0.0324295
-0.0335715
-0.0353868
-0.038214
-0.0421029
-0.0468819
-0.0521596
-0.0573038
-0.0614336
-0.0634523
-0.0621555
-0.0564704
-0.0458495
-0.0308599
-0.0139287
7.63962e-05
0.00511398
0.00150364
-0.0382812
-0.039202
-0.0397323
-0.040141
-0.0413902
-0.0439809
-0.048018
-0.0533273
-0.0594768
-0.0657587
-0.0711717
-0.0744364
-0.0740796
-0.0686368
-0.0570267
-0.0391863
-0.0171285
0.00366021
0.0148773
0.015023
-0.0478211
-0.0479708
-0.04724
-0.0461847
-0.0462448
-0.0481175
-0.0519302
-0.0574606
-0.0641961
-0.0713238
-0.0777085
-0.0818943
-0.0821671
-0.0767228
-0.0639952
-0.0432401
-0.0157112
0.0131624
0.0332073
0.0404628
-0.0596297
-0.0580261
-0.0548234
-0.051229
-0.0493532
-0.0500178
-0.0532649
-0.0587385
-0.0657769
-0.0734119
-0.0803389
-0.0849061
-0.0851584
-0.0789791
-0.0643825
-0.0400148
-0.00622352
0.0323461
0.0645137
0.0832806
-0.0759557
-0.0704408
-0.0624543
-0.0548243
-0.0502462
-0.0493214
-0.0517897
-0.0570334
-0.0641599
-0.0719864
-0.078998
-0.0833158
-0.082717
-0.0747416
-0.056964
-0.0274372
0.0144232
0.0653709
0.114282
0.15007
-0.103941
-0.087746
-0.0698719
-0.0562182
-0.0483255
-0.0456744
-0.0473803
-0.0524101
-0.0595507
-0.0673694
-0.0741319
-0.0777291
-0.0756627
-0.0650722
-0.0429366
-0.0064041
0.0465004
0.115102
0.1913
0.2581
-0.175794
-0.11474
-0.0735617
-0.0518994
-0.0411961
-0.0375332
-0.039143
-0.044484
-0.0519733
-0.0599683
-0.0666017
-0.0696158
-0.0663217
-0.0535204
-0.0274698
0.0161864
0.0824387
0.177076
0.305118
0.452464
-0.355666
-0.155108
-0.0703646
-0.0427793
-0.0313583
-0.0275636
-0.0296576
-0.0357441
-0.0439057
-0.052364
-0.059222
-0.0622207
-0.0586253
-0.045092
-0.0172992
0.0306495
0.108195
0.23311
0.434563
0.735649
)
;

boundaryField
{
    movingWall
    {
        type            zeroGradient;
    }
    fixedWalls
    {
        type            zeroGradient;
    }
    frontAndBack
    {
        type            empty;
    }
}


// ************************************************************************* //
