/*--------------------------------*- C++ -*----------------------------------*\
  =========                 |
  \\      /  F ield         | OpenFOAM: The Open Source CFD Toolbox
   \\    /   O peration     | Website:  https://openfoam.org
    \\  /    A nd           | Version:  13
     \\/     M anipulation  |
\*---------------------------------------------------------------------------*/
FoamFile
{
    format      ascii;
    class       volScalarField;
    location    "13";
    object      p;
}
// * * * * * * * * * * * * * * * * * * * * * * * * * * * * * * * * * * * * * //

dimensions      [0 2 -2 0 0 0 0];

internalField   nonuniform List<scalar> 
400
(
1.18133e-08
-0.000413098
-0.000885191
-0.00120144
-0.00126297
-0.0010332
-0.000501621
0.00032706
0.00143124
0.00276447
0.0042468
0.00576095
0.00715896
0.00828189
0.00899259
0.00921497
0.00896852
0.00838661
0.00771263
0.00724356
0.000415267
-1.1558e-05
-0.000417048
-0.000656928
-0.00067505
-0.000451036
2.32524e-05
0.000746894
0.00170541
0.00286269
0.00415274
0.00547606
0.00670459
0.00769945
0.00834001
0.00855877
0.00837006
0.00788101
0.00728189
0.00680114
0.000905607
0.000362526
-6.82213e-05
-0.000288803
-0.000297472
-9.84739e-05
0.000311136
0.000935443
0.00177063
0.00279446
0.00395588
0.00516873
0.00631448
0.00725766
0.00787443
0.00808817
0.00789862
0.00738993
0.00671697
0.0060884
0.0012232
0.000520415
4.1749e-06
-0.000249158
-0.000284629
-0.000131341
0.000208232
0.000744687
0.00148774
0.00243189
0.00354185
0.00474167
0.00591307
0.00690833
0.00757988
0.00782087
0.00760181
0.0069851
0.00611918
0.00524457
0.00118816
0.000318097
-0.000306078
-0.000621814
-0.000712557
-0.000627779
-0.000372183
7.45904e-05
0.000739559
0.001638
0.00275381
0.00402221
0.00532145
0.00648098
0.0073113
0.00765229
0.00742444
0.00666158
0.00552581
0.00432629
0.000656993
-0.000372301
-0.0011102
-0.00150613
-0.00167731
-0.0016892
-0.00154487
-0.00121014
-0.000635614
0.000221516
0.00137248
0.00277134
0.00429696
0.0057514
0.0068864
0.0074594
0.00730668
0.00640935
0.00494798
0.00333672
-0.000496201
-0.00167035
-0.00252273
-0.00301417
-0.00329439
-0.0034423
-0.00345643
-0.00328498
-0.00285007
-0.00207152
-0.00089662
0.000664637
0.00250657
0.00440926
0.00605244
0.00707438
0.00717228
0.00622129
0.00440079
0.00227223
-0.00238286
-0.003684
-0.00465078
-0.00525471
-0.00567995
-0.00601878
-0.00626437
-0.00634495
-0.00614813
-0.00554405
-0.00441801
-0.0027163
-0.000498186
0.0020169
0.00443523
0.00623603
0.00689711
0.00608929
0.00392651
0.00116311
-0.00509734
-0.00650409
-0.00758382
-0.0083176
-0.00892934
-0.00952796
-0.0101037
-0.0105652
-0.0107617
-0.0105009
-0.00958146
-0.00784706
-0.00526091
-0.00199293
0.0015145
0.00455309
0.00627942
0.0060005
0.00362245
0.000122671
-0.0087127
-0.0101988
-0.0113834
-0.012256
-0.0130902
-0.0140194
-0.0150374
-0.0160381
-0.016832
-0.0171557
-0.0166965
-0.0151494
-0.0123168
-0.00823644
-0.0033309
0.00151375
0.00503218
0.00594319
0.0036825
-0.000578818
-0.0132793
-0.0148102
-0.0160735
-0.0170661
-0.0181296
-0.019436
-0.0209933
-0.0226897
-0.0243024
-0.0254941
-0.0258236
-0.0247952
-0.0219798
-0.0171719
-0.0106517
-0.00340091
0.00284209
0.00594713
0.0044673
-0.00039326
-0.0188342
-0.0203591
-0.0216342
-0.0226672
-0.0239004
-0.0255659
-0.0277005
-0.0301973
-0.0328096
-0.0351308
-0.0365872
-0.0364725
-0.0340483
-0.0287689
-0.0206023
-0.0104472
-0.000447594
0.00620073
0.00662561
0.00170123
-0.0254337
-0.0268645
-0.028003
-0.0288855
-0.030113
-0.0320083
-0.0346501
-0.0379443
-0.0416265
-0.0452295
-0.0480534
-0.0491761
-0.0475371
-0.042158
-0.0325293
-0.0192096
-0.00450447
0.00728436
0.0112958
0.00749752
-0.0332362
-0.0343906
-0.0350859
-0.0354444
-0.0363234
-0.0381712
-0.041111
-0.0450554
-0.049718
-0.054571
-0.0587984
-0.0612797
-0.0606486
-0.0554767
-0.0446731
-0.0281916
-0.00808504
0.0105193
0.0204052
0.0199448
-0.0426873
-0.0431383
-0.0427789
-0.0419635
-0.0419479
-0.0433211
-0.0462229
-0.0505402
-0.0559363
-0.0618053
-0.0672124
-0.0708571
-0.0711035
-0.0661223
-0.0542449
-0.034658
-0.00868971
0.0183605
0.0370239
0.0434504
-0.0548494
-0.0536056
-0.0510019
-0.0479718
-0.046317
-0.0466936
-0.0491649
-0.0535192
-0.0593123
-0.0658172
-0.071954
-0.0762418
-0.0768035
-0.0714667
-0.0580654
-0.0350165
-0.0025758
0.0346711
0.0656651
0.0836999
-0.0719615
-0.0668619
-0.059672
-0.052864
-0.0487053
-0.0475899
-0.0493027
-0.0534162
-0.059294
-0.0660253
-0.0723497
-0.0765821
-0.0765961
-0.0698873
-0.0538273
-0.0261013
0.0142874
0.064418
0.112691
0.148006
-0.100924
-0.085179
-0.0681934
-0.0554106
-0.048002
-0.0451679
-0.0460674
-0.0498996
-0.0557426
-0.0624549
-0.0685929
-0.0722486
-0.0710162
-0.062013
-0.04203
-0.00786341
0.0431587
0.111084
0.186972
0.253863
-0.17326
-0.11255
-0.0727747
-0.0518698
-0.041655
-0.037852
-0.0386421
-0.0427552
-0.0489264
-0.0557882
-0.0618222
-0.0650126
-0.06268
-0.0515773
-0.0278425
0.0130783
0.0769143
0.170082
0.296516
0.446616
-0.353161
-0.152861
-0.0691035
-0.0424111
-0.031578
-0.0277139
-0.0290422
-0.0339907
-0.040984
-0.0485111
-0.0549134
-0.0581157
-0.0554576
-0.0436186
-0.018127
0.027332
0.102899
0.226976
0.428508
0.730337
)
;

boundaryField
{
    movingWall
    {
        type            zeroGradient;
    }
    fixedWalls
    {
        type            zeroGradient;
    }
    frontAndBack
    {
        type            empty;
    }
}


// ************************************************************************* //
