/*--------------------------------*- C++ -*----------------------------------*\
  =========                 |
  \\      /  F ield         | OpenFOAM: The Open Source CFD Toolbox
   \\    /   O peration     | Website:  https://openfoam.org
    \\  /    A nd           | Version:  13
     \\/     M anipulation  |
\*---------------------------------------------------------------------------*/
FoamFile
{
    format      ascii;
    class       volScalarField;
    location    "45";
    object      p;
}
// * * * * * * * * * * * * * * * * * * * * * * * * * * * * * * * * * * * * * //

dimensions      [0 2 -2 0 0 0 0];

internalField   nonuniform List<scalar> 
400
(
-3.45796e-09
-0.000529949
-0.00117679
-0.00167798
-0.00191368
-0.00183445
-0.0014157
-0.00064638
0.000464497
0.00187272
0.00348381
0.00514674
0.00666498
0.00782823
0.00846281
0.00848839
0.00796123
0.00708805
0.00620165
0.0056478
0.000537081
-1.12124e-05
-0.000582648
-0.000983115
-0.00116047
-0.00108781
-0.000743861
-0.00011342
0.000803983
0.00197926
0.0033388
0.00475735
0.00606531
0.00707718
0.00763738
0.00767254
0.00722984
0.00648191
0.00569064
0.00512722
0.00120925
0.000523379
-8.04489e-05
-0.000445869
-0.000608048
-0.000574478
-0.000329682
0.000149107
0.00087853
0.00185134
0.00301792
0.00427457
0.00546659
0.00641294
0.00695176
0.00699508
0.0065697
0.00581631
0.00494036
0.00420656
0.00169235
0.00080793
8.62461e-05
-0.000322549
-0.000532474
-0.000583888
-0.000464816
-0.000140173
0.000429127
0.00126306
0.0023374
0.00356463
0.00479023
0.00581384
0.00643708
0.0065279
0.00607479
0.00519142
0.00406351
0.00302752
0.00173023
0.00064511
-0.000220418
-0.00071675
-0.00102504
-0.00121082
-0.00125951
-0.00111748
-0.000716248
-1.29766e-06
0.00103516
0.00232557
0.00371253
0.00496316
0.00581741
0.00606575
0.00562767
0.00457734
0.00310056
0.00166648
0.00111051
-0.000153331
-0.00116402
-0.00177768
-0.00223197
-0.00260945
-0.00288661
-0.00298484
-0.0027984
-0.00222752
-0.00121897
0.000194216
0.00186072
0.0035122
0.00480453
0.00540862
0.00512442
0.00394831
0.0020633
0.000132924
-0.000345213
-0.00175537
-0.00290427
-0.00366247
-0.00431451
-0.00495374
-0.00554347
-0.00597526
-0.00609796
-0.00575254
-0.00481879
-0.00327126
-0.00122751
0.00102046
0.00302933
0.00430042
0.00443684
0.00327865
0.000966594
-0.0015712
-0.00277392
-0.00429174
-0.00556785
-0.00649717
-0.00740284
-0.00838605
-0.00939647
-0.0102941
-0.0108759
-0.0109087
-0.0101793
-0.00856217
-0.0060985
-0.00306651
-2.60663e-06
0.00237759
0.00337545
0.002538
-0.000140345
-0.00339769
-0.00625919
-0.00784133
-0.00922801
-0.0103484
-0.0115588
-0.0129697
-0.0145217
-0.0160461
-0.0172859
-0.0179216
-0.017619
-0.0161065
-0.0132842
-0.00934729
-0.00487944
-0.000832484
0.00167618
0.00169462
-0.00113699
-0.00519062
-0.0108215
-0.0124204
-0.0138882
-0.0151975
-0.0167375
-0.0186366
-0.0208359
-0.0231467
-0.0252618
-0.0267702
-0.0271956
-0.0260762
-0.0231004
-0.0182784
-0.0121404
-0.005829
-0.000966468
0.000736431
-0.0017811
-0.00659913
-0.0164183
-0.017981
-0.019474
-0.0209204
-0.0227554
-0.0251416
-0.0280363
-0.0312431
-0.0344138
-0.0370498
-0.0385259
-0.0381599
-0.0353751
-0.0298777
-0.021995
-0.0129196
-0.00476635
-0.000255518
-0.0016302
-0.00694578
-0.0229635
-0.0244263
-0.0258387
-0.0272831
-0.0292754
-0.0320429
-0.0355773
-0.0396865
-0.0439919
-0.0479172
-0.0506982
-0.0514397
-0.0492278
-0.0434185
-0.0339618
-0.0218676
-0.00957194
-0.000932453
9.15095e-05
-0.005031
-0.0303771
-0.0316485
-0.0327861
-0.0339527
-0.0358197
-0.0387244
-0.0427099
-0.0475929
-0.0529667
-0.0581844
-0.0623545
-0.064377
-0.0630495
-0.0573073
-0.0466105
-0.031531
-0.0144931
-0.000375642
0.00472756
0.00114596
-0.0386875
-0.0395938
-0.0401038
-0.0405208
-0.0418064
-0.0444631
-0.0485891
-0.0539955
-0.0602321
-0.066574
-0.0720084
-0.0752536
-0.074844
-0.069329
-0.0576438
-0.0397361
-0.0176107
0.00325634
0.0145428
0.0147442
-0.0482348
-0.0483658
-0.0475971
-0.0465281
-0.0466058
-0.0485326
-0.0524277
-0.0580506
-0.0648666
-0.0720423
-0.0784293
-0.0825698
-0.0827601
-0.0772162
-0.064398
-0.0435831
-0.0160215
0.0128853
0.0329856
0.0403008
-0.0600178
-0.0583921
-0.0551326
-0.0515005
-0.049625
-0.0503368
-0.0536664
-0.0592341
-0.0663528
-0.0740302
-0.0809466
-0.0854477
-0.08559
-0.0792804
-0.0645656
-0.0401226
-0.00630487
0.0322681
0.064465
0.0832584
-0.0762837
-0.0707401
-0.0626802
-0.0549922
-0.0504057
-0.0495308
-0.05209
-0.0574371
-0.0646497
-0.0725193
-0.0795153
-0.083756
-0.0830295
-0.0748996
-0.0569755
-0.0273457
0.0145563
0.0654788
0.114375
0.150175
-0.104188
-0.0879547
-0.0699974
-0.0562796
-0.0483802
-0.0457888
-0.047598
-0.0527416
-0.0599753
-0.0678385
-0.0745828
-0.0780999
-0.0759016
-0.0651472
-0.0428497
-0.00619161
0.0467689
0.115333
0.191486
0.258295
-0.175989
-0.114901
-0.0736157
-0.0518903
-0.0411811
-0.0375783
-0.0392937
-0.0447507
-0.0523382
-0.0603838
-0.0670025
-0.0699442
-0.0665309
-0.053586
-0.027383
0.0164154
0.082747
0.177391
0.305437
0.452694
-0.35586
-0.155265
-0.0704373
-0.0427824
-0.0313501
-0.0276051
-0.0297889
-0.0359778
-0.0442286
-0.0527402
-0.0595987
-0.0625431
-0.058846
-0.0451775
-0.017246
0.0308182
0.108433
0.233369
0.434815
0.735881
)
;

boundaryField
{
    movingWall
    {
        type            zeroGradient;
    }
    fixedWalls
    {
        type            zeroGradient;
    }
    frontAndBack
    {
        type            empty;
    }
}


// ************************************************************************* //
