/*--------------------------------*- C++ -*----------------------------------*\
  =========                 |
  \\      /  F ield         | OpenFOAM: The Open Source CFD Toolbox
   \\    /   O peration     | Website:  https://openfoam.org
    \\  /    A nd           | Version:  13
     \\/     M anipulation  |
\*---------------------------------------------------------------------------*/
FoamFile
{
    format      ascii;
    class       volScalarField;
    location    "44";
    object      p;
}
// * * * * * * * * * * * * * * * * * * * * * * * * * * * * * * * * * * * * * //

dimensions      [0 2 -2 0 0 0 0];

internalField   nonuniform List<scalar> 
400
(
-3.64566e-09
-0.000529737
-0.00117626
-0.0016771
-0.00191246
-0.00183293
-0.00141393
-0.000644461
0.000466453
0.00187459
0.0034855
0.00514822
0.00666629
0.00782948
0.00846419
0.00849008
0.00796335
0.00709061
0.00620453
0.00565081
0.000536862
-1.12103e-05
-0.000582308
-0.000982476
-0.00115951
-0.00108654
-0.000742315
-0.000111662
0.000805854
0.00198114
0.00334059
0.00475899
0.00606683
0.00707866
0.00763899
0.00767445
0.00723214
0.00648462
0.00569365
0.00513036
0.0012087
0.00052305
-8.04193e-05
-0.000445589
-0.000607463
-0.000573544
-0.000328396
0.000150713
0.000880382
0.00185334
0.00301996
0.00427657
0.00546852
0.00641487
0.00695379
0.00699737
0.00657234
0.0058193
0.00494366
0.00421
0.0016915
0.00080735
8.61136e-05
-0.00032241
-0.000531978
-0.000582958
-0.000463423
-0.000138334
0.000431335
0.00126551
0.00233995
0.00356714
0.00479263
0.00581618
0.00643947
0.00653051
0.00607773
0.00519474
0.00406723
0.00303145
0.00172924
0.000644435
-0.000220565
-0.00071658
-0.00102442
-0.00120963
-0.00125769
-0.00111503
-0.000713269
2.05101e-06
0.00103866
0.00232903
0.00371582
0.00496626
0.00582042
0.00606885
0.00563104
0.00458109
0.00310482
0.00167104
0.00110969
-0.000153828
-0.00116392
-0.00177719
-0.0022309
-0.00260762
-0.00288392
-0.00298129
-0.0027941
-0.00222269
-0.00121391
0.000199238
0.00186546
0.00351655
0.00480854
0.0054125
0.00512842
0.00395262
0.00206822
0.000138248
-0.000345477
-0.00175532
-0.00290359
-0.0036613
-0.00431258
-0.0049508
-0.0055394
-0.00597004
-0.00609171
-0.00574555
-0.00481142
-0.00326394
-0.0012206
0.00102671
0.00303489
0.00430547
0.00444171
0.00328366
0.00097229
-0.00156502
-0.00277321
-0.00429073
-0.0055662
-0.00649491
-0.00739962
-0.00838156
-0.00939052
-0.0102866
-0.0108671
-0.0108989
-0.0101689
-0.00855177
-0.00608862
-0.00305759
5.14272e-06
0.00238431
0.00338151
0.00254387
-0.000133794
-0.00339059
-0.00625711
-0.00783901
-0.00922509
-0.0103448
-0.0115539
-0.0129633
-0.0145135
-0.016036
-0.0172741
-0.0179085
-0.0176051
-0.0160925
-0.0132708
-0.00933506
-0.00486886
-0.000823565
0.0016838
0.00170153
-0.00112955
-0.00518261
-0.0108178
-0.0124165
-0.0138838
-0.0151922
-0.0167309
-0.0186282
-0.0208254
-0.0231341
-0.0252471
-0.0267538
-0.0271782
-0.0260585
-0.0230833
-0.0182627
-0.0121267
-0.00581749
-0.000956973
0.00074454
-0.00177283
-0.00659036
-0.0164129
-0.0179754
-0.0194681
-0.0209137
-0.0227471
-0.0251314
-0.0280238
-0.0312282
-0.0343967
-0.0370308
-0.0385057
-0.0381394
-0.0353551
-0.0298591
-0.0219785
-0.0129055
-0.00475492
-0.000246199
-0.00162128
-0.00693658
-0.0229564
-0.0244193
-0.0258314
-0.0272751
-0.029266
-0.0320315
-0.0355636
-0.0396704
-0.0439735
-0.0478969
-0.0506767
-0.0514178
-0.0492065
-0.0433985
-0.0339437
-0.021852
-0.00955915
-0.000922285
0.000100634
-0.00502196
-0.0303687
-0.0316402
-0.032778
-0.033944
-0.0358098
-0.0387127
-0.042696
-0.0475766
-0.0529482
-0.0581643
-0.0623335
-0.064356
-0.0630292
-0.0572884
-0.0465933
-0.0315158
-0.0144803
-0.000365407
0.00473628
0.00115406
-0.0386782
-0.0395849
-0.0400954
-0.0405122
-0.0417969
-0.0444521
-0.048576
-0.0539801
-0.0602148
-0.0665553
-0.0719892
-0.075235
-0.0748267
-0.0693134
-0.0576299
-0.0397238
-0.0175999
0.00326552
0.0145504
0.0147505
-0.0482254
-0.0483568
-0.047589
-0.0465203
-0.0465976
-0.0485231
-0.0524163
-0.058037
-0.0648511
-0.0720258
-0.0784128
-0.0825543
-0.0827466
-0.0772051
-0.064389
-0.0435755
-0.0160146
0.0128917
0.0329908
0.0403045
-0.060009
-0.0583838
-0.0551256
-0.0514943
-0.0496188
-0.0503294
-0.0536571
-0.0592226
-0.0663395
-0.0740159
-0.0809326
-0.0854353
-0.0855801
-0.0792736
-0.0645615
-0.0401202
-0.00630305
0.03227
0.0644662
0.083259
-0.0762763
-0.0707332
-0.0626751
-0.0549884
-0.0504021
-0.049526
-0.052083
-0.0574277
-0.0646384
-0.0725069
-0.0795033
-0.0837458
-0.0830223
-0.0748959
-0.0569752
-0.0273477
0.0145533
0.0654763
0.114373
0.150172
-0.104182
-0.08795
-0.0699946
-0.0562783
-0.048379
-0.0457861
-0.0475929
-0.0527338
-0.0599654
-0.0678277
-0.0745724
-0.0780913
-0.0758961
-0.0651456
-0.0428518
-0.00619645
0.0467629
0.115328
0.191482
0.258291
-0.175985
-0.114897
-0.0736145
-0.0518907
-0.0411815
-0.0375773
-0.0392901
-0.0447445
-0.0523297
-0.0603742
-0.0669932
-0.0699366
-0.066526
-0.0535844
-0.0273849
0.0164103
0.0827403
0.177384
0.30543
0.452689
-0.355856
-0.155261
-0.0704357
-0.0427823
-0.0313503
-0.0276041
-0.0297859
-0.0359724
-0.0442211
-0.0527315
-0.0595899
-0.0625356
-0.0588408
-0.0451755
-0.0172471
0.0308144
0.108428
0.233363
0.43481
0.735876
)
;

boundaryField
{
    movingWall
    {
        type            zeroGradient;
    }
    fixedWalls
    {
        type            zeroGradient;
    }
    frontAndBack
    {
        type            empty;
    }
}


// ************************************************************************* //
