/*--------------------------------*- C++ -*----------------------------------*\
  =========                 |
  \\      /  F ield         | OpenFOAM: The Open Source CFD Toolbox
   \\    /   O peration     | Website:  https://openfoam.org
    \\  /    A nd           | Version:  13
     \\/     M anipulation  |
\*---------------------------------------------------------------------------*/
FoamFile
{
    format      ascii;
    class       volScalarField;
    location    "48";
    object      p;
}
// * * * * * * * * * * * * * * * * * * * * * * * * * * * * * * * * * * * * * //

dimensions      [0 2 -2 0 0 0 0];

internalField   nonuniform List<scalar> 
400
(
1.3783e-08
-0.000572527
-0.00121612
-0.001719
-0.00195934
-0.00188481
-0.0014706
-0.000705648
0.000401173
0.00180583
0.00341456
0.00507488
0.00659092
0.00775097
0.00837966
0.0083955
0.00785521
0.00696878
0.00604789
0.00549421
0.000569843
-2.0434e-05
-0.000569806
-0.000957164
-0.00113215
-0.00106211
-0.000726109
-0.000109369
0.000788647
0.00193932
0.00326966
0.00465999
0.00594057
0.00692968
0.00747411
0.00750166
0.00705909
0.00631872
0.00554314
0.00497252
0.00124559
0.000492853
-8.68509e-05
-0.000441493
-0.000606279
-0.000576425
-0.000337414
0.000132457
0.000849564
0.00180676
0.00295472
0.00419166
0.00536431
0.00629369
0.00681913
0.00685278
0.00642064
0.00566807
0.00480882
0.00403707
0.00174048
0.000763577
7.35321e-05
-0.000322073
-0.00053725
-0.000592866
-0.000478368
-0.000160295
0.000399895
0.00122196
0.00228156
0.00349274
0.00470159
0.00570961
0.00631929
0.00639805
0.00593341
0.00505046
0.0039483
0.00284432
0.00179536
0.000595624
-0.000227816
-0.000704952
-0.00101827
-0.00120736
-0.00125949
-0.00112313
-0.000730626
-2.79499e-05
0.000991637
0.00226349
0.00362996
0.00486115
0.00569858
0.00593223
0.00548031
0.0044354
0.00299984
0.001462
0.00119459
-0.000203121
-0.00116339
-0.00175281
-0.00221153
-0.00259078
-0.00286938
-0.00297132
-0.00279204
-0.00223303
-0.00124416
0.000150426
0.00179276
0.00341975
0.00469014
0.00527465
0.00497182
0.0038056
0.00197893
-0.000104135
-0.000241727
-0.00180019
-0.00289234
-0.00362231
-0.0042778
-0.00491674
-0.00550517
-0.00593764
-0.00606466
-0.00572854
-0.00480701
-0.00328526
-0.00127042
0.000946614
0.00292621
0.00416979
0.00427919
0.00313547
0.000902533
-0.00185634
-0.00265203
-0.00432644
-0.00554133
-0.00643936
-0.0073472
-0.00832782
-0.00933397
-0.0102288
-0.0108113
-0.0108505
-0.0101336
-0.00853908
-0.00610714
-0.00311233
-8.6501e-05
0.00225497
0.00321258
0.00239521
-0.000177444
-0.00375303
-0.00612142
-0.00786178
-0.00918481
-0.0102719
-0.0114831
-0.0128894
-0.0144345
-0.015953
-0.0171897
-0.0178277
-0.0175354
-0.0160428
-0.0132532
-0.00935758
-0.00493611
-0.000941488
0.00150801
0.0015545
-0.00113723
-0.00564688
-0.0106716
-0.0124237
-0.0138276
-0.0151021
-0.0166423
-0.0185359
-0.0207272
-0.0230305
-0.0251405
-0.0266492
-0.0270842
-0.0259776
-0.0230343
-0.0182542
-0.0121678
-0.00592222
-0.00114237
0.00060294
-0.00173147
-0.00719523
-0.0162605
-0.0179654
-0.0193958
-0.0208062
-0.0226416
-0.0250234
-0.0279114
-0.0311116
-0.0342776
-0.0369139
-0.0383954
-0.0380068
-0.0352842
-0.0298336
-0.0220052
-0.0130065
-0.0049599
-0.000375658
-0.00151612
-0.00772077
-0.022803
-0.0243901
-0.0257427
-0.0271485
-0.0291435
-0.0319107
-0.0354425
-0.0395494
-0.043855
-0.0477847
-0.05058
-0.0513772
-0.0491635
-0.0433941
-0.033989
-0.0219778
-0.00980602
-0.00102486
0.000279949
-0.00600009
-0.0302226
-0.0315863
-0.0326696
-0.0337921
-0.0356682
-0.0385799
-0.042569
-0.0474551
-0.0528343
-0.0580627
-0.0622511
-0.0643107
-0.0630224
-0.0573321
-0.0466929
-0.031705
-0.0148012
-0.000417172
0.00496551
2.2709e-05
-0.03856
-0.0394895
-0.0399613
-0.040327
-0.041635
-0.0443096
-0.0484456
-0.0538594
-0.060106
-0.0664655
-0.0719295
-0.0752216
-0.0748704
-0.0694215
-0.0578071
-0.0400022
-0.0180234
0.00327945
0.0146985
0.0135556
-0.0481748
-0.048157
-0.0474035
-0.0462842
-0.0464121
-0.0483713
-0.0522815
-0.0579132
-0.0647395
-0.0719354
-0.0783607
-0.0825613
-0.0828323
-0.0773739
-0.0646453
-0.0439371
-0.0165435
0.0130188
0.032931
0.0392807
-0.060235
-0.0579578
-0.0548673
-0.0512135
-0.0494272
-0.0501785
-0.0535204
-0.0590938
-0.0662201
-0.0739188
-0.0808795
-0.0854535
-0.085707
-0.07952
-0.064942
-0.0406113
-0.00697895
0.0328167
0.0647937
0.0836767
-0.0774815
-0.0694733
-0.0620875
-0.0545495
-0.0501391
-0.0493252
-0.0519045
-0.0572611
-0.0644863
-0.0723851
-0.0794401
-0.0837785
-0.0832186
-0.0752831
-0.0576215
-0.0282114
0.0133524
0.0666609
0.115752
0.154807
-0.108926
-0.0850402
-0.0697735
-0.0563917
-0.0485412
-0.0458813
-0.0476243
-0.0527151
-0.0599173
-0.0677771
-0.0745525
-0.0781402
-0.0761045
-0.0655427
-0.0436433
-0.00744518
0.044743
0.114933
0.188078
0.263281
-0.168693
-0.100746
-0.0730932
-0.0522883
-0.0413103
-0.0376998
-0.0394421
-0.0448656
-0.0524159
-0.0604471
-0.067074
-0.070048
-0.0666876
-0.0537885
-0.0278899
0.0154098
0.0800715
0.17276
0.285854
0.445985
-0.402754
-0.139031
-0.0734593
-0.0447303
-0.0305719
-0.0266177
-0.0290857
-0.0353736
-0.0436542
-0.0522075
-0.0591241
-0.0621457
-0.0586176
-0.0452141
-0.017451
0.0310786
0.108495
0.236657
0.427487
0.79368
)
;

boundaryField
{
    movingWall
    {
        type            zeroGradient;
    }
    fixedWalls
    {
        type            zeroGradient;
    }
    frontAndBack
    {
        type            empty;
    }
}


// ************************************************************************* //
