/*--------------------------------*- C++ -*----------------------------------*\
  =========                 |
  \\      /  F ield         | OpenFOAM: The Open Source CFD Toolbox
   \\    /   O peration     | Website:  https://openfoam.org
    \\  /    A nd           | Version:  13
     \\/     M anipulation  |
\*---------------------------------------------------------------------------*/
FoamFile
{
    format      ascii;
    class       volScalarField;
    location    "50";
    object      p;
}
// * * * * * * * * * * * * * * * * * * * * * * * * * * * * * * * * * * * * * //

dimensions      [0 2 -2 0 0 0 0];

internalField   nonuniform List<scalar> 
400
(
1.16548e-06
-0.000528189
-0.00117576
-0.00167795
-0.00191468
-0.00183641
-0.00141844
-0.000649627
0.00046112
0.00186961
0.00348129
0.00514494
0.00666375
0.00782716
0.00846132
0.00848588
0.0079573
0.00708267
0.00619525
0.00564097
0.000540264
-8.48882e-06
-0.000580904
-0.000982262
-0.00116059
-0.00108894
-0.000745896
-0.000116152
0.000800868
0.00197613
0.00333599
0.00475502
0.0060634
0.00707535
0.00763513
0.00766933
0.0072253
0.00647604
0.00568383
0.00511998
0.00121387
0.00052734
-7.76179e-05
-0.000443801
-0.000606941
-0.0005745
-0.000330858
0.000146876
0.000875483
0.00184782
0.00301429
0.00427109
0.00546331
0.00640968
0.00694811
0.00699059
0.00656406
0.00580953
0.0049326
0.00419831
0.00169809
0.000812799
8.96595e-05
-0.000319985
-0.000531057
-0.000583893
-0.000466341
-0.000143158
0.000424942
0.0012581
0.00233215
0.00355949
0.0047854
0.00580924
0.00643231
0.00652242
0.00606819
0.00518362
0.0040544
0.00301768
0.00173649
0.000650366
-0.000216899
-0.00071424
-0.00102399
-0.00121165
-0.00126241
-0.00112241
-0.000722921
-9.16253e-06
0.00102678
0.00231733
0.00370485
0.0049561
0.00581065
0.00605867
0.00561967
0.00456815
0.00308968
0.00165459
0.0011163
-0.000148598
-0.00116123
-0.00177615
-0.00223235
-0.00261234
-0.00289229
-0.00299333
-0.00280934
-0.0022402
-0.00123243
0.000180891
0.00184831
0.00350107
0.0047945
0.005399
0.00511442
0.00393733
0.00205029
0.000118596
-0.000341195
-0.00175238
-0.00290336
-0.00366315
-0.00431769
-0.0049602
-0.00555364
-0.0059892
-0.00611524
-0.00577229
-0.00483979
-0.00329209
-0.00124698
0.00100314
0.0030143
0.00428702
0.00442402
0.0032654
0.000951086
-0.00158831
-0.00277307
-0.00429181
-0.00557002
-0.00650134
-0.00741019
-0.00839758
-0.00941276
-0.0103152
-0.0109014
-0.0109377
-0.0102101
-0.00859299
-0.00612759
-0.00309246
-2.4773e-05
0.00235877
0.00335878
0.00252196
-0.000158611
-0.00341777
-0.00626277
-0.00784568
-0.00923435
-0.0103572
-0.0115714
-0.0129874
-0.0145452
-0.0160757
-0.0173211
-0.0179612
-0.0176612
-0.0161492
-0.013325
-0.00938403
-0.0049108
-0.000858452
0.00165446
0.00167521
-0.00115811
-0.0052136
-0.0108304
-0.0124298
-0.0138994
-0.0152114
-0.0167559
-0.0186608
-0.0208669
-0.0231849
-0.0253066
-0.0268204
-0.0272492
-0.0261308
-0.0231532
-0.0183266
-0.0121821
-0.00586339
-0.000994277
0.000713148
-0.00180492
-0.00662455
-0.0164329
-0.0179958
-0.01949
-0.0209394
-0.022779
-0.0251716
-0.0280737
-0.0312883
-0.0344664
-0.0371085
-0.0385885
-0.0382236
-0.0354373
-0.0299355
-0.0220459
-0.0129621
-0.00480044
-0.000282698
-0.00165606
-0.00697254
-0.0229835
-0.0244461
-0.0258589
-0.027306
-0.029303
-0.0320767
-0.0356187
-0.039736
-0.044049
-0.0479802
-0.050765
-0.0515076
-0.049294
-0.0434805
-0.0340174
-0.0219153
-0.00961042
-0.00096235
6.50532e-05
-0.0050572
-0.0304013
-0.0316722
-0.0328093
-0.0339778
-0.0358488
-0.0387593
-0.0427521
-0.0476429
-0.0530239
-0.058247
-0.0624198
-0.0644424
-0.0631124
-0.0573659
-0.0466633
-0.0315772
-0.0145314
-0.000405663
0.00470249
0.00112286
-0.0387144
-0.0396198
-0.0401281
-0.0405458
-0.0418342
-0.044496
-0.0486287
-0.0540423
-0.0602855
-0.0666318
-0.0720676
-0.0753111
-0.0748973
-0.0693767
-0.0576858
-0.039773
-0.0176426
0.00322982
0.0145214
0.0147269
-0.0482623
-0.0483921
-0.0476203
-0.0465504
-0.0466295
-0.0485605
-0.0524619
-0.0580918
-0.0649138
-0.072093
-0.07848
-0.0826169
-0.0828008
-0.0772494
-0.0644241
-0.0436045
-0.0160408
0.0128676
0.032972
0.040292
-0.0600434
-0.0584163
-0.0551523
-0.0515174
-0.0496421
-0.0503575
-0.0536934
-0.0592683
-0.0663931
-0.0740736
-0.0809891
-0.0854851
-0.0856191
-0.0792996
-0.0645758
-0.040127
-0.00630748
0.0322652
0.0644644
0.0832598
-0.0763048
-0.0707593
-0.0626937
-0.0550013
-0.0504143
-0.0495433
-0.0521095
-0.0574644
-0.0646836
-0.0725564
-0.0795511
-0.0837859
-0.0830497
-0.0749081
-0.0569731
-0.0273357
0.0145696
0.0654905
0.114386
0.150185
-0.104203
-0.087967
-0.070003
-0.0562804
-0.0483807
-0.0457941
-0.0476113
-0.0527635
-0.0600042
-0.0678706
-0.0746135
-0.0781245
-0.0759162
-0.0651493
-0.0428397
-0.00617243
0.0467922
0.115354
0.191504
0.258313
-0.176
-0.114909
-0.0736161
-0.0518858
-0.0411764
-0.0375784
-0.0393019
-0.0447677
-0.0523627
-0.0604118
-0.0670293
-0.0699658
-0.0665436
-0.0535879
-0.0273736
0.0164353
0.0827722
0.177416
0.305461
0.452715
-0.355871
-0.155273
-0.0704392
-0.0427791
-0.031346
-0.0276047
-0.0297955
-0.0359922
-0.0442499
-0.0527655
-0.059624
-0.0625643
-0.0588595
-0.0451808
-0.0172389
0.0308338
0.108454
0.233391
0.434837
0.735901
)
;

boundaryField
{
    movingWall
    {
        type            zeroGradient;
    }
    fixedWalls
    {
        type            zeroGradient;
    }
    frontAndBack
    {
        type            empty;
    }
}


// ************************************************************************* //
